from numpy import array

kmean_100_base = array([[0.25915716, 0.09616153, 0.42627804, 0.21840327],
[0.23267453, 0.18581447, 0.32974777, 0.25176322],
[0.2048565 , 0.25981003, 0.17993809, 0.35539537],
[0.46562245, 0.30461175, 0.10967118, 0.12009461],
[0.11813898, 0.0619814 , 0.49935001, 0.32052961],
[0.37660329, 0.52323665, 0.02617474, 0.07398532],
[0.57367943, 0.17448047, 0.10310351, 0.14873659],
[0.11439677, 0.11933313, 0.44840874, 0.31786135],
[0.05717088, 0.2205141 , 0.39166958, 0.33064543],
[0.09431144, 0.04897025, 0.64860529, 0.20811303],
[0.64053625, 0.29284316, 0.02689954, 0.03972106],
[0.23027129, 0.05574018, 0.49511213, 0.2188764 ],
[0.35996658, 0.29743227, 0.1230119 , 0.21958924],
[0.04408678, 0.0362375 , 0.51841735, 0.40125837],
[0.20433667, 0.20124478, 0.36142002, 0.23299853],
[0.07172022, 0.03607155, 0.67233318, 0.21987505],
[0.31340397, 0.22451299, 0.27107324, 0.19100979],
[0.1715711 , 0.13226192, 0.33945364, 0.35671334],
[0.08804066, 0.07328849, 0.50671364, 0.33195722],
[0.35376188, 0.520316  , 0.02213917, 0.10378295],
[0.54081423, 0.30458265, 0.03988082, 0.1147223 ],
[0.23832995, 0.13450762, 0.31011421, 0.31704822],
[0.32403643, 0.40536801, 0.04534258, 0.22525298],
[0.38978225, 0.09852532, 0.3471304 , 0.16456204],
[0.43624907, 0.49157219, 0.04176657, 0.03041217],
[0.164042  , 0.04568164, 0.44429255, 0.34598382],
[0.08496857, 0.06211449, 0.51338122, 0.33953573],
[0.52349418, 0.37463245, 0.02761374, 0.07425962],
[0.45356185, 0.42967727, 0.04372393, 0.07303696],
[0.41123332, 0.36595818, 0.04235928, 0.18044921],
[0.66010162, 0.23335277, 0.03929823, 0.06724738],
[0.2466499 , 0.17257004, 0.26176522, 0.31901484],
[0.33905797, 0.25946182, 0.17259839, 0.22888182],
[0.51010418, 0.37364966, 0.0618512 , 0.05439496],
[0.26309494, 0.27552765, 0.20077789, 0.26059952],
[0.70764963, 0.1030831 , 0.10637999, 0.08288728],
[0.31822319, 0.36962841, 0.13765356, 0.17449483],
[0.52606029, 0.25705995, 0.10061836, 0.1162614 ],
[0.34524376, 0.44608069, 0.03474203, 0.17393352],
[0.10565627, 0.07246837, 0.48525299, 0.33662236],
[0.52040457, 0.17293992, 0.19239676, 0.11425875],
[0.46754426, 0.39859991, 0.04655683, 0.087299  ],
[0.10644938, 0.0525896 , 0.66608643, 0.17487459],
[0.18811152, 0.10120863, 0.42869012, 0.28198972],
[0.37022052, 0.34179178, 0.12678438, 0.16120333],
[0.10885794, 0.10892466, 0.45736436, 0.32485304],
[0.23486972, 0.12162079, 0.38827226, 0.25523724],
[0.44371878, 0.44433454, 0.04292811, 0.06901857],
[0.07447088, 0.03692868, 0.73402334, 0.1545771 ],
[0.12645591, 0.16244675, 0.35554867, 0.35554867],
[0.25122265, 0.25659953, 0.24608891, 0.24608891],
[0.1358123 , 0.0567727 , 0.64843909, 0.15897592],
[0.24184288, 0.14314008, 0.3733168 , 0.24170024],
[0.13653784, 0.13438503, 0.26210331, 0.46697382],
[0.36651879, 0.39669865, 0.08410715, 0.15267541],
[0.03976856, 0.06673835, 0.46437631, 0.42911677],
[0.08256984, 0.06375506, 0.43932356, 0.41435154],
[0.06387658, 0.15232008, 0.43881042, 0.34499292],
[0.29367185, 0.15032562, 0.40900693, 0.1469956 ],
[0.14536501, 0.11533553, 0.33118935, 0.40811011],
[0.37137205, 0.41263079, 0.07439842, 0.14159873],
[0.17478121, 0.0562701 , 0.57454665, 0.19440205],
[0.38902685, 0.38682531, 0.10433641, 0.11981143],
[0.34573942, 0.46983264, 0.02769167, 0.15673628],
[0.37991041, 0.08996449, 0.31673009, 0.213395  ],
[0.44066194, 0.46868701, 0.02018812, 0.07046293],
[0.65829404, 0.12057439, 0.12827723, 0.09285433],
[0.64719566, 0.25879188, 0.03684314, 0.05716933],
[0.10490992, 0.05046747, 0.54897107, 0.29565153],
[0.32621848, 0.19482516, 0.22098486, 0.2579715 ],
[0.38915168, 0.55105889, 0.01304146, 0.04674797],
[0.08496751, 0.06013096, 0.64731313, 0.2075884 ],
[0.09155237, 0.06303017, 0.48316555, 0.36225191],
[0.4588378 , 0.46934886, 0.02220011, 0.04961322],
[0.1495962 , 0.08483539, 0.52461049, 0.24095791],
[0.31208298, 0.10942021, 0.27458049, 0.30391633],
[0.42523692, 0.19471233, 0.23517989, 0.14487085],
[0.38777993, 0.43037316, 0.0465691 , 0.13527781],
[0.26375184, 0.25751952, 0.24512031, 0.23360833],
[0.09440995, 0.03516589, 0.72794595, 0.14247821],
[0.46682047, 0.42800294, 0.02814515, 0.07703144],
[0.37926324, 0.43669522, 0.07425526, 0.10978628],
[0.46288406, 0.20070275, 0.20060959, 0.1358036 ],
[0.24525752, 0.53286774, 0.10531905, 0.11655568],
[0.16845929, 0.11925929, 0.39673173, 0.31554969],
[0.62449853, 0.28003042, 0.04165663, 0.05381442],
[0.06347537, 0.05710756, 0.52762627, 0.3517908 ],
[0.44143065, 0.45324409, 0.02450306, 0.0808222 ],
[0.12550746, 0.08720199, 0.48887911, 0.29841144],
[0.46048152, 0.31663666, 0.06502648, 0.15785534],
[0.25443912, 0.23668263, 0.25443912, 0.25443912],
[0.31217035, 0.1192627 , 0.35462257, 0.21394437],
[0.08758253, 0.06184875, 0.56563708, 0.28493164],
[0.63124329, 0.24839251, 0.02880347, 0.09156072],
[0.54022816, 0.27954937, 0.07182883, 0.10839364],
[0.62317223, 0.1740008 , 0.09756668, 0.10526028],
[0.03688506, 0.02966746, 0.38478684, 0.54866065],
[0.08579744, 0.07753622, 0.26788504, 0.56878129],
[0.25748142, 0.3618931 , 0.0531338 , 0.32749167],
[0.38779489, 0.46003545, 0.02350654, 0.12866311]])

kmean_100_reward = array([ 1.59203704,  4.61389421,  4.16548542,  6.40112187,  1.24727198,
        2.13771048,  3.53965901,  1.40704097,  1.05639468,  1.82856364,
        5.30573292,  1.80892933,  6.15090189,  1.34355187,  2.49164726,
        1.28562291,  4.39119801,  3.16419164,  1.78522639, 10.70450158,
        5.07088439,  3.076267  ,  3.46095909,  2.53839712,  2.01752481,
        1.17997368,  1.48550538,  1.23647783, 10.69808468,  7.74354634,
        3.28700516,  1.13181241,  8.87268648,  4.49644818,  6.5722664 ,
        2.05045485,  1.07138624,  3.58774558, 10.30456849,  2.03575344,
        3.97514573, 13.94895507,  1.38776421,  1.02977889,  2.69284211,
        1.1981586 ,  3.83927345,  9.78077595,  1.4045121 ,  1.03290522,
        1.00510489,  2.15508513,  4.45485005,  3.10778638,  6.21019894,
        1.3790585 ,  1.32475199,  1.05576142,  1.30935195,  2.78229562,
        8.09974538,  2.14348899,  3.28503474, 11.92454912,  1.79381089,
       10.18172632,  1.58299368,  5.11976966,  1.49713225,  3.79464248,
        2.08642308,  1.6637715 ,  1.17323995,  7.6535288 ,  2.3367946 ,
        1.22173761,  1.42444388,  6.33050876,  4.85806938,  1.4121078 ,
       12.04672784,  8.85673963,  4.67096092,  1.23129863,  3.29193639,
        2.91727183,  1.59921004,  7.33232529,  2.07643671,  2.54373013,
        1.00059479,  2.21336838,  1.08691557,  4.26405172,  5.95670416,
        2.53991969,  1.22320369,  2.44869331, 12.10828585, 10.26140605])

kmean_100_soft_pi = array([[2.89257544e-01, 6.34784624e-01, 6.30285639e-03, 6.96549761e-02],
       [2.20307903e-01, 1.93431757e-01, 2.85003361e-01, 3.01256979e-01],
       [1.14007305e-01, 4.78640545e-02, 5.35864580e-01, 3.02264060e-01],
       [4.25042504e-02, 3.30543979e-02, 4.32067907e-01, 4.92373445e-01],
       [4.71649605e-01, 5.26653142e-01, 1.56403796e-04, 1.54084876e-03],
       [2.30287551e-01, 5.75682310e-02, 5.65904363e-01, 1.46239856e-01],
       [7.64227318e-01, 2.24712517e-01, 4.90842737e-03, 6.15173696e-03],
       [5.45964108e-02, 3.48967463e-02, 6.17322193e-01, 2.93184650e-01],
       [3.91531474e-01, 1.60584922e-01, 2.27756544e-01, 2.20127061e-01],
       [3.09961613e-02, 1.37628334e-02, 6.27400630e-01, 3.27840375e-01],
       [1.95620407e-01, 1.28271596e-01, 3.77391272e-01, 2.98716725e-01],
       [1.18179731e-01, 8.04456959e-01, 7.58906840e-03, 6.97742417e-02],
       [6.93972098e-02, 2.92854995e-02, 7.60693291e-01, 1.40624000e-01],
       [8.60964381e-02, 1.25067242e-01, 3.94418160e-01, 3.94418160e-01],
       [9.65548631e-01, 2.46499582e-02, 1.64135496e-03, 8.16005579e-03],
       [2.11363491e-02, 6.76685828e-03, 9.21747985e-01, 5.03488074e-02],
       [6.67806890e-01, 2.80412951e-01, 9.52510480e-03, 4.22550544e-02],
       [4.62502869e-01, 4.34268469e-01, 4.97891714e-02, 5.34394906e-02],
       [1.54621926e-01, 9.85047896e-02, 4.87287787e-01, 2.59585497e-01],
       [6.87367426e-01, 1.34570381e-01, 1.02170121e-01, 7.58920712e-02],
       [6.21112328e-01, 3.31354270e-01, 4.31847989e-03, 4.32149215e-02],
       [7.48453849e-01, 1.71742764e-01, 2.76941915e-02, 5.21091953e-02],
       [7.62038206e-03, 5.95388271e-03, 3.64511428e-01, 6.21914308e-01],
       [3.79042618e-02, 1.09178576e-02, 8.59294232e-01, 9.18836483e-02],
       [1.17886085e-01, 3.85386694e-02, 4.32280504e-01, 4.11294742e-01],
       [2.53299081e-01, 1.31074202e-01, 3.89189526e-01, 2.26437191e-01],
       [4.68441527e-01, 4.78458336e-01, 3.18862500e-03, 4.99115117e-02],
       [1.48512241e-01, 5.51063290e-02, 5.30691101e-01, 2.65690329e-01],
       [2.94897784e-01, 3.13763854e-01, 1.01661987e-01, 2.89676375e-01],
       [9.43942390e-01, 4.58164159e-02, 6.65456226e-03, 3.58663151e-03],
       [5.65257108e-01, 4.05455717e-01, 2.75530286e-04, 2.90116455e-02],
       [1.33517862e-01, 1.76694976e-01, 1.68102243e-01, 5.21684919e-01],
       [2.44409516e-02, 1.56841326e-02, 6.80209313e-01, 2.79665603e-01],
       [1.05650884e-01, 8.65729372e-01, 3.33633767e-04, 2.82861102e-02],
       [1.16911256e-02, 2.44146781e-02, 5.06722486e-01, 4.57171710e-01],
       [2.80783383e-02, 9.02210325e-03, 8.95551121e-01, 6.73484372e-02],
       [6.94225062e-02, 3.62363996e-02, 6.62172796e-01, 2.32168298e-01],
       [4.89520330e-01, 3.43628289e-01, 7.24531985e-02, 9.43981825e-02],
       [8.14957014e-02, 3.82597413e-02, 7.06874779e-01, 1.73369779e-01],
       [3.83350947e-01, 2.75631450e-01, 6.91452798e-02, 2.71872323e-01],
       [3.69269223e-01, 1.19079801e-01, 1.79003522e-01, 3.32647453e-01],
       [3.73043088e-01, 3.12022825e-01, 1.77493713e-01, 1.37440374e-01],
       [5.06474484e-01, 4.74503696e-01, 5.88589760e-04, 1.84332298e-02],
       [1.21638619e-01, 1.17706232e-01, 5.86921655e-01, 1.73733494e-01],
       [6.72141476e-02, 1.97959916e-02, 7.85105826e-01, 1.27884035e-01],
       [2.16702046e-01, 2.32851665e-02, 6.56228924e-01, 1.03783864e-01],
       [9.57973688e-02, 1.91382748e-02, 5.46650027e-01, 3.38414329e-01],
       [8.84911567e-01, 1.00732407e-01, 7.99747931e-04, 1.35562779e-02],
       [2.45763251e-01, 2.29349617e-01, 2.62443566e-01, 2.62443566e-01],
       [8.69387883e-01, 1.25784552e-01, 1.20302307e-03, 3.62454250e-03],
       [1.74789746e-02, 1.76620824e-02, 6.99846651e-01, 2.65012292e-01],
       [4.31638800e-01, 4.85637164e-01, 2.33762769e-03, 8.03864083e-02],
       [7.84234628e-01, 2.02094451e-01, 4.52165051e-03, 9.14927009e-03],
       [3.93306535e-01, 2.41244500e-01, 1.09149333e-01, 2.56299632e-01],
       [9.48634593e-03, 1.59896746e-02, 5.74424908e-01, 4.00099071e-01],
       [4.14106409e-01, 2.88637570e-01, 1.30155115e-01, 1.67100906e-01],
       [6.00027673e-02, 4.05831681e-02, 4.50147233e-01, 4.49266831e-01],
       [7.55311428e-01, 6.26559693e-02, 1.11588777e-01, 7.04438256e-02],
       [2.07541162e-02, 1.06336995e-02, 6.45067545e-01, 3.23544640e-01],
       [3.55968616e-01, 5.01845388e-01, 5.15912628e-02, 9.05947327e-02],
       [2.08409264e-02, 1.85233551e-02, 2.12695282e-01, 7.47940437e-01],
       [3.18215527e-02, 1.80943699e-02, 6.47290262e-01, 3.02793815e-01],
       [3.31339039e-01, 2.30148531e-01, 2.19256215e-01, 2.19256215e-01],
       [1.52761169e-02, 8.63145452e-03, 5.65969338e-01, 4.10123090e-01],
       [6.17716898e-01, 8.88861136e-02, 1.57617175e-01, 1.35779813e-01],
       [7.77544128e-02, 9.23296459e-02, 5.07598668e-01, 3.22317273e-01],
       [2.98106107e-02, 1.31575255e-02, 7.60207539e-01, 1.96824325e-01],
       [4.25191777e-01, 2.95149995e-01, 2.49168728e-02, 2.54741355e-01],
       [2.90393190e-02, 1.35545545e-02, 6.97635650e-01, 2.59770476e-01],
       [7.22636679e-02, 1.12179970e-02, 6.56671886e-01, 2.59846450e-01],
       [1.68728163e-01, 5.36795318e-02, 6.06280293e-01, 1.71312013e-01],
       [4.49387816e-01, 4.74552521e-01, 3.06129537e-02, 4.54467093e-02],
       [1.35149816e-01, 6.75716041e-02, 5.28476455e-01, 2.68802124e-01],
       [5.58240496e-02, 3.90056912e-02, 6.70549633e-01, 2.34620627e-01],
       [4.95470972e-01, 4.86636964e-01, 1.37189033e-04, 1.77548752e-02],
       [2.55768983e-02, 1.82391606e-01, 4.47001241e-01, 3.45030255e-01],
       [4.69103702e-02, 3.90799743e-02, 1.38682783e-01, 7.75326872e-01],
       [5.30474234e-01, 4.10209490e-01, 5.96804971e-03, 5.33482262e-02],
       [2.45176176e-02, 1.41819528e-01, 4.81735646e-01, 3.51927208e-01],
       [8.60731031e-01, 1.35252987e-01, 6.87686476e-04, 3.32829627e-03],
       [3.53051950e-02, 2.63218197e-02, 5.14077116e-01, 4.24295869e-01],
       [4.73432761e-01, 3.74403555e-01, 3.17357831e-02, 1.20427901e-01],
       [3.12343734e-02, 3.27149742e-02, 4.54415212e-01, 4.81635441e-01],
       [8.46405284e-02, 2.25989225e-02, 7.35878833e-01, 1.56881716e-01],
       [2.03913238e-01, 8.73063075e-02, 3.89093562e-01, 3.19686892e-01],
       [6.71612939e-02, 4.33209828e-02, 5.06475752e-01, 3.83041972e-01],
       [3.97126791e-01, 3.59797957e-02, 3.81293043e-01, 1.85600371e-01],
       [2.74847277e-01, 1.76518582e-01, 1.98391228e-01, 3.50242913e-01],
       [4.24917690e-01, 5.57203480e-01, 3.31188164e-03, 1.45669484e-02],
       [1.21626194e-01, 9.47657848e-02, 5.35883752e-01, 2.47724269e-01],
       [6.85051885e-01, 2.95882109e-01, 1.76006878e-03, 1.73059371e-02],
       [5.73814402e-02, 1.87480415e-02, 6.10596056e-01, 3.13274462e-01],
       [4.16506271e-01, 1.94972084e-01, 1.79146232e-01, 2.09375413e-01],
       [1.57364926e-01, 2.33970077e-01, 1.74251563e-01, 4.34413434e-01],
       [1.93744140e-02, 8.08625549e-03, 9.04510277e-01, 6.80290539e-02],
       [6.42667235e-01, 2.08148095e-01, 7.24101888e-02, 7.67744812e-02],
       [4.97339466e-01, 3.44563487e-01, 9.51991458e-02, 6.28979011e-02],
       [3.39503256e-01, 3.05759850e-01, 1.18423807e-02, 3.42894514e-01],
       [6.97896148e-01, 2.50780493e-01, 1.45422130e-02, 3.67811458e-02],
       [2.72835012e-01, 3.41809456e-01, 6.59235361e-02, 3.19431996e-01]])

reward_max_ent_causal =  array([12.81009353,  6.02787599,  1.20859362,  2.62414112, 13.14076286,
3.26545056,  4.75394954,  2.34295657,  5.94955571,  1.20206739,
5.74756785, 29.36661259,  1.51355537,  1.03687165,  2.8043016 ,
1.8097772 ,  9.82879939,  2.99480965,  2.2467763 ,  2.82506663,
11.41057888,  5.15753936,  1.24771571,  2.27787252,  2.24752986,
6.78992246, 13.0135911 ,  1.03819858,  5.56922027,  2.00333042,
10.45786396,  5.62363406,  1.85587087, 33.59337053,  1.47103343,
1.54950888,  2.71728092,  1.13133223,  3.21222348,  7.80898709,
1.18531411,  2.85554509,  1.313843  ,  2.71546205,  3.17475162,
2.57619663,  1.23646138,  6.75358937,  1.00099821,  5.66908622,
1.2077812 ,  6.79447048,  8.80505588,  7.04978643,  1.26668676,
9.39691613,  2.63914477,  2.64446945,  1.21102779,  1.23026584,
2.37539196,  1.79346013,  1.00773422,  1.46120058,  4.3789851 ,
1.5039537 ,  1.31560276, 11.85123729,  1.11812843,  1.61205192,
1.66815251, 10.70266221,  4.40107192,  1.9892667 , 16.02642416,
1.06327999,  3.64023086,  5.71106414,  1.06542149,  4.54505819,
1.35092486,  9.26238941,  1.40215719,  2.46713016,  4.24453248,
3.73670209,  2.02562267,  6.05624174, 19.763263  ,  4.03766434,
16.36860438,  1.35682692,  4.27596199,  1.03201523,  1.8689862 ,
7.28041186,  1.53606462, 11.38765591,  3.44082202,  3.13560429])