from numpy import array
import numpy as np
import math

k_mean_50_cost_reward = array([1.1188076 , 1.01769364, 1.06996292, 1.17989989, 1.09542446,
       1.0382927 , 1.04063469, 1.10035422, 1.18394608, 1.03763987,
       1.00165734, 1.08056943, 1.05977266, 1.07751116, 1.26457164,
       1.01308582, 1.02028966, 1.03096175, 1.00800921, 1.07976966,
       1.07007367, 1.0297067 , 1.04902781, 1.00208008, 1.02515059,
       1.01942088, 1.03874745, 1.00298998, 1.08434404, 1.08708412,
       1.02203759, 1.04853517, 1.01176393, 1.08110293, 1.09198504,
       1.01817178, 1.06053228, 1.05039002, 1.05930028, 1.05489033,
       1.00976825, 1.02123236, 1.1056318 , 1.06862637, 1.04133914,
       1.09445685, 1.08072429, 1.03626945, 1.03389613, 1.00006369])

k_mean_50_cost_policy  = array([[0.25161476, 0.25130678, 0.2468883 , 0.25019016],
       [0.2480485 , 0.24642525, 0.25370734, 0.25181891],
       [0.24933128, 0.24900931, 0.25069158, 0.25096783],
       [0.25090593, 0.25052183, 0.24789127, 0.25068097],
       [0.24956417, 0.25007849, 0.24882995, 0.25152739],
       [0.24710507, 0.24681792, 0.25190189, 0.25417512],
       [0.2557503 , 0.24883093, 0.24761863, 0.24780014],
       [0.25264615, 0.25258803, 0.24446285, 0.25030297],
       [0.25084961, 0.25193325, 0.24805137, 0.24916577],
       [0.24982725, 0.24735519, 0.25191342, 0.25090414],
       [0.24645017, 0.24373093, 0.25648587, 0.25333302],
       [0.24922806, 0.24917333, 0.24907173, 0.25252688],
       [0.24941712, 0.24807338, 0.25152462, 0.25098489],
       [0.24822074, 0.24834296, 0.25135093, 0.25208537],
       [0.25002924, 0.25307028, 0.24585988, 0.25104061],
       [0.25292913, 0.25217416, 0.24415127, 0.25074545],
       [0.24953746, 0.24695232, 0.25335895, 0.25015127],
       [0.25073906, 0.24562012, 0.25494272, 0.2486981 ],
       [0.24956462, 0.24759264, 0.2520574 , 0.25078534],
       [0.25033502, 0.2499293 , 0.24893409, 0.25080159],
       [0.25468491, 0.24870863, 0.24884837, 0.24775809],
       [0.25041349, 0.24654534, 0.25415051, 0.24889066],
       [0.24861413, 0.24748244, 0.25245137, 0.25145206],
       [0.25405216, 0.25312757, 0.24500925, 0.24781102],
       [0.25031484, 0.24576023, 0.25558248, 0.24834245],
       [0.24832847, 0.24523693, 0.25527412, 0.25116048],
       [0.25161094, 0.24830804, 0.25079817, 0.24928285],
       [0.2433985 , 0.24619235, 0.25637977, 0.25402938],
       [0.25191361, 0.25069748, 0.24747422, 0.24991468],
       [0.25239826, 0.24940484, 0.24967786, 0.24851905],
       [0.25163274, 0.24501461, 0.25534337, 0.24800928],
       [0.25030011, 0.2480412 , 0.25131208, 0.25034661],
       [0.24396686, 0.2453597 , 0.25702172, 0.25365173],
       [0.25496043, 0.25087753, 0.24574007, 0.24842197],
       [0.25136968, 0.2513566 , 0.24765229, 0.24962144],
       [0.24792497, 0.24648567, 0.25353657, 0.2520528 ],
       [0.25525023, 0.25189481, 0.24473862, 0.24811634],
       [0.24815686, 0.24780267, 0.25087223, 0.25316824],
       [0.25373547, 0.25152118, 0.24602814, 0.2487152 ],
       [0.25037169, 0.24808122, 0.25071867, 0.25082842],
       [0.24945367, 0.24526486, 0.25366244, 0.25161902],
       [0.25007437, 0.24587412, 0.25521576, 0.24883575],
       [0.25111631, 0.24974338, 0.25045218, 0.24868813],
       [0.24901865, 0.24871902, 0.24989502, 0.25236731],
       [0.25333776, 0.24695676, 0.25065792, 0.24904756],
       [0.25021272, 0.25046771, 0.24756477, 0.25175479],
       [0.25135811, 0.24982551, 0.24947761, 0.24933876],
       [0.25110807, 0.24681804, 0.251971  , 0.25010289],
       [0.2589433 , 0.25113977, 0.24159082, 0.24832611],
       [0.25084495, 0.24937303, 0.24989101, 0.24989101]])

k_mean_50_cost_policy_discrete = array([0, 2, 3, 0, 3, 3, 0, 0, 1, 2, 2, 3, 2, 3, 1, 0, 2, 2, 2, 3, 0, 2,
       2, 0, 2, 2, 0, 2, 0, 0, 2, 2, 2, 0, 0, 2, 0, 3, 0, 3, 2, 2, 0, 3,
       0, 3, 0, 2, 0, 0])

 
k_mean_50_reward = array([ 8.1913804 , 30.54332462,  6.15086283, 14.29127288,  2.4565627 ,
        3.13452798,  3.79608151,  1.48377128,  4.75698201,  2.77859996,
        1.43252543,  7.90060697,  4.05300075,  3.73057024,  5.08061949,
        2.01571146,  1.23497943,  3.56134792,  6.43352265,  2.06270333,
        4.76408537,  5.26324144,  1.41975753,  2.96125051,  8.36291072,
        1.85074616,  2.60851243,  1.35019749,  2.36112595,  2.13436835,
        4.11870766,  4.68885988,  2.42459732,  4.3445611 ,  5.08314711,
        2.1982946 ,  2.95634503,  2.371719  ,  3.31574515,  3.46352169,
        4.65092259,  1.84339662,  1.98552837,  1.34818431,  1.17681141,
        6.55627509,  2.64728788,  1.02807427,  2.01137166,  2.23060233])

k_mean_50_policy = array([[0.29596391, 0.42131424, 0.10892017, 0.17380168],
       [0.24646808, 0.59693096, 0.00744248, 0.14915848],
       [0.17380021, 0.1966952 , 0.28717253, 0.34233206],
       [0.24324375, 0.44849826, 0.12551776, 0.18274023],
       [0.39500796, 0.36122033, 0.14799208, 0.09577962],
       [0.32491276, 0.33622411, 0.14234585, 0.19651728],
       [0.37416876, 0.18802778, 0.14249665, 0.29530681],
       [0.2433176 , 0.07944328, 0.48222211, 0.195017  ],
       [0.31943283, 0.26740093, 0.23733176, 0.17583448],
       [0.08252502, 0.07091774, 0.39437418, 0.45218306],
       [0.43589394, 0.07489199, 0.3385106 , 0.15070347],
       [0.27646858, 0.37353571, 0.08420303, 0.26579268],
       [0.17506596, 0.18716415, 0.32341094, 0.31435894],
       [0.12191081, 0.13677217, 0.39660053, 0.34471649],
       [0.29833079, 0.28043903, 0.24419376, 0.17703641],
       [0.05459507, 0.0589454 , 0.52651355, 0.35994598],
       [0.17978996, 0.10008114, 0.44139551, 0.2787334 ],
       [0.23586515, 0.19240008, 0.24653658, 0.32519819],
       [0.33342683, 0.52221922, 0.05823374, 0.08612021],
       [0.10244024, 0.12957666, 0.38274737, 0.38523573],
       [0.13162582, 0.13957155, 0.28929049, 0.43951214],
       [0.26857435, 0.45893587, 0.12432313, 0.14816666],
       [0.13928011, 0.1642827 , 0.46053076, 0.23590644],
       [0.23142135, 0.3060698 , 0.09704431, 0.36546454],
       [0.3917192 , 0.37035205, 0.08308555, 0.1548432 ],
       [0.05113936, 0.05537528, 0.44604519, 0.44744016],
       [0.40667893, 0.34690988, 0.05467302, 0.19173817],
       [0.27447068, 0.0634585 , 0.37295072, 0.28912011],
       [0.7839863 , 0.09805802, 0.04677714, 0.07117854],
       [0.24207313, 0.07562484, 0.56406884, 0.11823319],
       [0.17964896, 0.28681185, 0.26334118, 0.27019801],
       [0.50809049, 0.39112507, 0.02101003, 0.0797744 ],
       [0.30992425, 0.40267797, 0.1267134 , 0.16068438],
       [0.13815064, 0.14978315, 0.25919837, 0.45286784],
       [0.23979578, 0.3715959 , 0.20080201, 0.18780631],
       [0.07138035, 0.06269128, 0.3534262 , 0.51250217],
       [0.28990042, 0.54711425, 0.02870149, 0.13428384],
       [0.32660778, 0.13708154, 0.38183069, 0.15447999],
       [0.26430897, 0.3182054 , 0.1889392 , 0.22854643],
       [0.29115183, 0.43225855, 0.09255968, 0.18402995],
       [0.18350852, 0.24551835, 0.18199105, 0.38898208],
       [0.15160016, 0.15426902, 0.19465223, 0.49947859],
       [0.18991426, 0.24912839, 0.18218581, 0.37877153],
       [0.26181883, 0.48264579, 0.0490194 , 0.20651598],
       [0.01541197, 0.01473694, 0.663371  , 0.30648009],
       [0.35601775, 0.45503456, 0.0362108 , 0.15273688],
       [0.51333331, 0.15345343, 0.16711983, 0.16609343],
       [0.01847695, 0.13478268, 0.42337019, 0.42337019],
       [0.11493044, 0.08497673, 0.55482729, 0.24526553],
       [0.18332052, 0.16776277, 0.28820925, 0.36070746]])

k_mean_50_policy_discrete =  array([1, 1, 3, 1, 0, 1, 0, 2, 0, 3, 0, 1, 2, 2, 0, 2, 2, 3, 1, 3, 3, 1,
       2, 3, 0, 3, 0, 2, 0, 2, 1, 0, 1, 3, 1, 3, 1, 2, 1, 1, 3, 3, 3, 1,
       2, 1, 0, 2, 2, 3])




k_mean_150_cost_reward = array([1.01074988, 1.00540735, 1.00666316, 1.01144738, 1.0104511 ,
       1.01013029, 1.00099101, 1.02962258, 1.00137512, 1.02789907,
       1.00161617, 1.03491813, 1.01272738, 1.02146435, 1.0407992 ,
       1.0339893 , 1.01288818, 1.01386466, 1.00486805, 1.00974876,
       1.00199483, 1.00840628, 1.02816923, 1.00090922, 1.00720894,
       1.04401801, 1.02466824, 1.01474763, 1.0100584 , 1.01549792,
       1.00421357, 1.0246458 , 1.00180281, 1.02006161, 1.01689439,
       1.01148061, 1.00409262, 1.01042896, 1.01854926, 1.01568696,
       1.00111748, 1.01301574, 1.00231306, 1.03211155, 1.004582  ,
       1.0065364 , 1.01341514, 1.00826274, 1.00109556, 1.02939712,
       1.02618406, 1.01925214, 1.02194541, 1.02305944, 1.00410911,
       1.01739001, 1.00807507, 1.01976566, 1.00417509, 1.00757847,
       1.01207332, 1.01496432, 1.04097016, 1.01356496, 1.00005472,
       1.00813026, 1.01191819, 1.00523671, 1.02232035, 1.02473556,
       1.00705455, 1.01417   , 1.01833737, 1.0005257 , 1.00319144,
       1.01646578, 1.02211328, 1.02863656, 1.00782674, 1.03886926,
       1.02719585, 1.00497258, 1.00222527, 1.00002187, 1.01883928,
       1.00342217, 1.00285638, 1.000575  , 1.02644253, 1.00187964,
       1.00757296, 1.00879282, 1.02055877, 1.02405694, 1.01399789,
       1.00555597, 1.01569809, 1.01424219, 1.00299925, 1.02059789,
       1.02127981, 1.00232398, 1.02371499, 1.00488455, 1.00105171,
       1.00202226, 1.00758399, 1.01589274, 1.00097498, 1.01786358,
       1.01300465, 1.01551459, 1.00660254, 1.00546239, 1.02772463,
       1.02414665, 1.005991  , 1.0045985 , 1.00139704, 1.00432904,
       1.00134771, 1.00329033, 1.01180739, 1.00275766, 1.0115083 ,
       1.00504961, 1.00137506, 1.00891986, 1.01299355, 1.01933585,
       1.00001092, 1.00739645, 1.01456986, 1.03427239, 1.01888947,
       1.00090374, 1.0326994 , 1.02037999, 1.01200129, 1.00688915,
       1.02644815, 1.00452151, 1.01220078, 1.00175897, 1.01147507,
       1.01839313, 1.00500559, 1.01042897, 1.00176445, 1.02676291])

k_mean_150_cost_policy = array([[0.25016268, 0.2499922 , 0.24986565, 0.24997948],
       [0.25016884, 0.25056903, 0.24903245, 0.25022968],
       [0.24947617, 0.24924151, 0.25085356, 0.25042876],
       [0.25126552, 0.25115985, 0.24871511, 0.24885951],
       [0.25028438, 0.25018262, 0.24990579, 0.24962722],
       [0.25105072, 0.2508699 , 0.24911082, 0.24896855],
       [0.24978419, 0.24888429, 0.25065416, 0.25067737],
       [0.25128671, 0.25124256, 0.24822495, 0.24924578],
       [0.24880295, 0.25010901, 0.25066205, 0.25042598],
       [0.25162998, 0.25159166, 0.24767723, 0.24910113],
       [0.24966891, 0.24890347, 0.25078426, 0.25064336],
       [0.25142227, 0.25157993, 0.24763103, 0.24936677],
       [0.24984291, 0.24978252, 0.25016637, 0.2502082 ],
       [0.25006456, 0.25013712, 0.24993128, 0.24986705],
       [0.25133125, 0.25152489, 0.24803729, 0.24910658],
       [0.25112817, 0.25120699, 0.24877926, 0.24888559],
       [0.24977176, 0.24937362, 0.25067723, 0.25017739],
       [0.25066717, 0.2498105 , 0.2498893 , 0.24963304],
       [0.24924142, 0.24933785, 0.25059581, 0.25082492],
       [0.25091178, 0.25102558, 0.24858012, 0.24948252],
       [0.24967712, 0.24919672, 0.25067724, 0.25044892],
       [0.25056736, 0.25013224, 0.24952133, 0.24977907],
       [0.25120468, 0.25109034, 0.24860857, 0.24909642],
       [0.2490427 , 0.2498731 , 0.25062027, 0.25046393],
       [0.24937689, 0.2492263 , 0.25077373, 0.25062308],
       [0.25114137, 0.2511506 , 0.24812405, 0.24958399],
       [0.25106523, 0.25084793, 0.24867443, 0.24941242],
       [0.25093808, 0.25058917, 0.24902854, 0.24944422],
       [0.25030743, 0.249536  , 0.25026859, 0.24988799],
       [0.25159012, 0.25067901, 0.24841556, 0.24931531],
       [0.24961455, 0.24923618, 0.25098487, 0.25016439],
       [0.25146775, 0.25123673, 0.24833397, 0.24896155],
       [0.24982071, 0.24928062, 0.25055598, 0.25034269],
       [0.25123645, 0.25091917, 0.24853401, 0.24931036],
       [0.25027062, 0.25000751, 0.2498351 , 0.24988677],
       [0.25196681, 0.25146384, 0.24846514, 0.24810421],
       [0.24979355, 0.24903093, 0.25077438, 0.25040113],
       [0.24995171, 0.24934693, 0.25070276, 0.24999861],
       [0.25090264, 0.25069548, 0.24915907, 0.24924281],
       [0.25065088, 0.25057454, 0.24954394, 0.24923063],
       [0.24977944, 0.24929333, 0.25055159, 0.25037564],
       [0.24979498, 0.24958649, 0.25046826, 0.25015027],
       [0.24970568, 0.2499702 , 0.25010553, 0.25021859],
       [0.25159405, 0.25169107, 0.24778831, 0.24892658],
       [0.24947393, 0.24894642, 0.25088703, 0.25069262],
       [0.24941717, 0.24944532, 0.25055118, 0.25058634],
       [0.24991641, 0.24982155, 0.25013358, 0.25012847],
       [0.24998377, 0.24911079, 0.25080943, 0.25009601],
       [0.24873989, 0.25015582, 0.25060765, 0.25049664],
       [0.25079508, 0.25052112, 0.24920063, 0.24948318],
       [0.25118631, 0.2510035 , 0.24876038, 0.24904982],
       [0.25020806, 0.24998705, 0.24988263, 0.24992226],
       [0.25008734, 0.24983518, 0.25010372, 0.24997376],
       [0.25079598, 0.25052489, 0.24906933, 0.2496098 ],
       [0.24890901, 0.24943407, 0.25083556, 0.25082136],
       [0.25093183, 0.25031557, 0.24925079, 0.24950181],
       [0.24940313, 0.24944517, 0.25053043, 0.25062127],
       [0.251028  , 0.25094382, 0.24830187, 0.24972631],
       [0.25040079, 0.25083669, 0.24925664, 0.24950589],
       [0.24962757, 0.2491883 , 0.25100131, 0.25018282],
       [0.24994271, 0.24971168, 0.25011596, 0.25022965],
       [0.25018388, 0.25019436, 0.24982247, 0.24979929],
       [0.25126812, 0.2518162 , 0.247729  , 0.24918668],
       [0.251062  , 0.2502148 , 0.2492698 , 0.2494534 ],
       [0.25003904, 0.24997725, 0.24999186, 0.24999186],
       [0.24978363, 0.2491273 , 0.25102607, 0.25006299],
       [0.24990789, 0.24964133, 0.25029068, 0.2501601 ],
       [0.24964743, 0.24946234, 0.25051842, 0.25037181],
       [0.25050666, 0.2503903 , 0.24945653, 0.24964651],
       [0.25159188, 0.2513998 , 0.24821565, 0.24879266],
       [0.24975909, 0.24907742, 0.25106919, 0.25009431],
       [0.25183402, 0.25105954, 0.24814665, 0.2489598 ],
       [0.25027319, 0.25016119, 0.24957911, 0.2499865 ],
       [0.24975624, 0.25009448, 0.2500346 , 0.25011467],
       [0.249261  , 0.24929532, 0.25085706, 0.25058661],
       [0.25186662, 0.25140824, 0.24770354, 0.24902159],
       [0.25052265, 0.25012914, 0.24949006, 0.24985815],
       [0.2510648 , 0.25100599, 0.24837912, 0.24955008],
       [0.25045033, 0.24966789, 0.25005001, 0.24983177],
       [0.25163464, 0.2516447 , 0.24766375, 0.24905691],
       [0.25154677, 0.25105259, 0.24833226, 0.24906837],
       [0.25008773, 0.2494957 , 0.25018325, 0.25023332],
       [0.25047226, 0.25070829, 0.24947685, 0.2493426 ],
       [0.24995416, 0.25001528, 0.25001528, 0.25001528],
       [0.25065607, 0.25057707, 0.24924606, 0.24952081],
       [0.24912667, 0.24917384, 0.25094136, 0.25075813],
       [0.24981326, 0.24964039, 0.25031794, 0.25022841],
       [0.24956539, 0.24977656, 0.25032902, 0.25032902],
       [0.2514973 , 0.25156642, 0.2478169 , 0.24911937],
       [0.24943433, 0.24961157, 0.2505639 , 0.25039019],
       [0.25166401, 0.25039808, 0.24894646, 0.24899145],
       [0.25125454, 0.25105519, 0.24874031, 0.24894995],
       [0.2505862 , 0.25038762, 0.24938832, 0.24963785],
       [0.25102258, 0.25087258, 0.24888582, 0.24921903],
       [0.25109802, 0.25081223, 0.24905773, 0.24903202],
       [0.25012341, 0.24910217, 0.25057789, 0.25019653],
       [0.25139975, 0.25118362, 0.24841232, 0.24900431],
       [0.25011046, 0.25002179, 0.24997463, 0.24989312],
       [0.24975388, 0.24917098, 0.25064986, 0.25042527],
       [0.24986301, 0.24977434, 0.25013977, 0.25022287],
       [0.25055272, 0.2502749 , 0.24948055, 0.24969184],
       [0.24928667, 0.24935199, 0.25091423, 0.25044711],
       [0.25078265, 0.25057358, 0.24914882, 0.24949495],
       [0.24938593, 0.24920424, 0.25091432, 0.25049551],
       [0.24934883, 0.24975725, 0.25045234, 0.25044158],
       [0.24994022, 0.24993976, 0.25012222, 0.24999781],
       [0.2509505 , 0.24993549, 0.24948019, 0.24963381],
       [0.25050124, 0.2500285 , 0.2496912 , 0.24977907],
       [0.25027002, 0.25026782, 0.24972272, 0.24973944],
       [0.25145185, 0.25106193, 0.24837313, 0.24911308],
       [0.25189885, 0.2519131 , 0.2480096 , 0.24817846],
       [0.25074985, 0.25019947, 0.24944603, 0.24960465],
       [0.24956248, 0.24942068, 0.2504928 , 0.25052405],
       [0.24936711, 0.24930267, 0.25080389, 0.25052633],
       [0.25159728, 0.25145133, 0.2483163 , 0.2486351 ],
       [0.25145348, 0.25139246, 0.24836806, 0.24878599],
       [0.2495025 , 0.24921495, 0.25065687, 0.25062568],
       [0.24944021, 0.24933308, 0.2508232 , 0.25040351],
       [0.24986258, 0.24966664, 0.25028209, 0.2501887 ],
       [0.25060746, 0.2495956 , 0.24976838, 0.25002855],
       [0.2500682 , 0.25009894, 0.24988412, 0.24994873],
       [0.24944396, 0.24924051, 0.25088269, 0.25043285],
       [0.25020509, 0.2495231 , 0.25021614, 0.25005567],
       [0.25081744, 0.25140077, 0.24859929, 0.2491825 ],
       [0.25152239, 0.25104796, 0.24868879, 0.24874086],
       [0.25125066, 0.25055123, 0.24926247, 0.24893565],
       [0.24939502, 0.24930919, 0.25065674, 0.25063905],
       [0.24968704, 0.24980415, 0.24965952, 0.25084929],
       [0.24953254, 0.24961017, 0.25039154, 0.25046575],
       [0.25023335, 0.24997426, 0.24989394, 0.24989846],
       [0.25000678, 0.24997966, 0.25000678, 0.25000678],
       [0.24983796, 0.24944288, 0.25041212, 0.25030704],
       [0.24990901, 0.24980793, 0.25017272, 0.25011034],
       [0.25070508, 0.25101869, 0.24832922, 0.249947  ],
       [0.24995572, 0.249696  , 0.25028453, 0.25006375],
       [0.24928778, 0.2500112 , 0.25034746, 0.25035356],
       [0.25132969, 0.25159279, 0.24774071, 0.24933682],
       [0.25058729, 0.25038977, 0.24929279, 0.24973014],
       [0.249676  , 0.24956338, 0.25044914, 0.25031148],
       [0.24965926, 0.24946706, 0.25055386, 0.25031982],
       [0.25097975, 0.25090433, 0.2485477 , 0.24956822],
       [0.24984599, 0.24893153, 0.2510089 , 0.25021358],
       [0.24980446, 0.25006573, 0.24996864, 0.25016117],
       [0.2498976 , 0.24908629, 0.25058025, 0.25043586],
       [0.25004295, 0.25007577, 0.24988245, 0.24999883],
       [0.2505986 , 0.25057935, 0.24922641, 0.24959564],
       [0.24995579, 0.24901199, 0.25064545, 0.25038678],
       [0.25091598, 0.2506313 , 0.24915788, 0.24929485],
       [0.2489028 , 0.24973867, 0.25077975, 0.25057878],
       [0.25076851, 0.25071015, 0.24881911, 0.24970222]])

k_mean_150_cost_policy_discrete = array([0, 1, 2, 0, 0, 0, 3, 0, 2, 0, 2, 1, 3, 1, 1, 1, 2, 0, 3, 1, 2, 0,
       0, 2, 2, 1, 0, 0, 0, 0, 2, 0, 2, 0, 0, 0, 2, 2, 0, 0, 2, 2, 3, 1,
       2, 3, 2, 2, 2, 0, 0, 0, 2, 0, 2, 0, 3, 0, 1, 2, 3, 1, 1, 0, 0, 2,
       2, 2, 0, 0, 2, 0, 0, 3, 2, 0, 0, 0, 0, 1, 0, 3, 1, 1, 0, 2, 2, 2,
       1, 2, 0, 0, 0, 0, 0, 2, 0, 0, 2, 3, 0, 2, 0, 2, 2, 2, 0, 0, 0, 0,
       1, 0, 3, 2, 0, 0, 2, 2, 2, 0, 1, 2, 2, 1, 0, 0, 2, 3, 3, 0, 0, 2,
       2, 1, 2, 3, 1, 0, 2, 2, 0, 2, 3, 2, 1, 0, 2, 0, 2, 0])

 
k_mean_150_reward = array([1.19482268, 1.18155161, 1.56278078, 1.24624677, 1.49389005,
       1.59241461, 1.41404008, 1.04081738, 1.13199217, 1.10473967,
       1.86876331, 1.34622726, 1.52717167, 1.01710159, 1.393232  ,
       1.68935561, 1.71023942, 1.17365984, 1.28792845, 1.1102499 ,
       1.88879389, 1.5677077 , 1.23767152, 1.56056079, 1.1036185 ,
       1.84932068, 1.2536079 , 1.04696511, 1.49434518, 1.48105204,
       1.24852662, 1.4771472 , 1.22181365, 1.02020458, 1.47624755,
       1.06681792, 1.41088484, 1.51481652, 1.61193636, 1.0002031 ,
       1.42210347, 1.04951961, 1.75599123, 1.36148618, 1.19106764,
       1.71371607, 1.13995097, 1.06389719, 1.04176897, 1.01503818,
       1.3707801 , 1.04941305, 1.11273281, 1.13556096, 1.24599371,
       1.11454205, 1.04378073, 1.33845818, 1.12981039, 1.23528605,
       1.35927607, 1.0025417 , 1.40787959, 1.21476256, 1.27465825,
       1.17843642, 1.19433749, 1.59289976, 1.0402891 , 1.20750692,
       1.5246926 , 1.40331247, 1.19652238, 1.0335507 , 1.00631527,
       1.33113936, 1.57472744, 1.79565898, 1.42297013, 1.5095959 ,
       1.16133114, 1.09724951, 1.08407108, 1.32386056, 1.04261555,
       1.07311923, 1.09069576, 2.01070713, 1.01308181, 1.41576409,
       1.22467041, 1.05154634, 1.44995284, 1.13268203, 1.45083647,
       1.69468159, 1.79730069, 1.28179667, 1.50332437, 1.40316999,
       1.01359628, 1.48768376, 1.3623159 , 1.0732282 , 1.3556923 ,
       1.73384439, 1.67909477, 1.58612109, 1.84688117, 1.00040624,
       1.52360928, 1.0097954 , 1.0999267 , 1.14296443, 1.01071863,
       1.11862361, 1.58886136, 1.03302611, 1.03460069, 1.15474634,
       1.2557737 , 1.22803251, 1.32574382, 1.16381011, 1.3703626 ,
       1.2115598 , 1.1678349 , 1.31755771, 1.05475441, 1.67381778,
       1.03386559, 1.05282839, 1.08385095, 1.06368116, 1.10283435,
       1.01875534, 1.10227459, 1.04537171, 1.06541065, 1.03544145,
       1.31368369, 1.29238248, 1.12146681, 1.03260663, 1.73560581,
       1.03313101, 1.52190846, 1.07050729, 1.15310598, 1.03124448])

k_mean_150_policy = array([[0.27993834, 0.26976296, 0.21602705, 0.23427165],
       [0.27598833, 0.27570681, 0.22211166, 0.2261932 ],
       [0.27532435, 0.26870419, 0.22632409, 0.22964737],
       [0.24764853, 0.23545732, 0.26436862, 0.25252553],
       [0.26704354, 0.26621487, 0.22469508, 0.24204651],
       [0.28292191, 0.28709366, 0.2068583 , 0.22312613],
       [0.26189459, 0.25831625, 0.23538745, 0.24440172],
       [0.24471774, 0.23244327, 0.26371028, 0.25912871],
       [0.22883812, 0.23297205, 0.26756829, 0.27062155],
       [0.26727553, 0.2460421 , 0.24111325, 0.24556911],
       [0.28552344, 0.28621047, 0.19779625, 0.23046984],
       [0.2485248 , 0.24705592, 0.2511067 , 0.25331259],
       [0.27302454, 0.25800835, 0.2280476 , 0.24091951],
       [0.2247319 , 0.25236614, 0.26145098, 0.26145098],
       [0.26505608, 0.25652103, 0.23618937, 0.24223353],
       [0.28222105, 0.27645244, 0.21106546, 0.23026105],
       [0.27315536, 0.28245874, 0.2156907 , 0.22869519],
       [0.24024882, 0.23242631, 0.27267166, 0.25465322],
       [0.24256003, 0.24277444, 0.25370969, 0.26095584],
       [0.24568313, 0.22929292, 0.27283022, 0.25219373],
       [0.27825343, 0.28430336, 0.20650434, 0.23093888],
       [0.28320443, 0.28205412, 0.20962952, 0.22511193],
       [0.24104473, 0.23757841, 0.26361746, 0.2577594 ],
       [0.26860781, 0.26473389, 0.2287544 , 0.2379039 ],
       [0.24495338, 0.22986803, 0.26723775, 0.25794084],
       [0.2725574 , 0.27871189, 0.208942  , 0.23978871],
       [0.28608947, 0.25396841, 0.22738273, 0.23255939],
       [0.24492802, 0.25093253, 0.25411802, 0.25002143],
       [0.26304457, 0.25813759, 0.23506135, 0.24375649],
       [0.26257084, 0.25693178, 0.24008392, 0.24041346],
       [0.24015706, 0.23884055, 0.26216844, 0.25883395],
       [0.27391455, 0.27054087, 0.21970071, 0.23584387],
       [0.24101691, 0.24045809, 0.26011243, 0.25841257],
       [0.23479154, 0.24491094, 0.25945527, 0.26084225],
       [0.2854086 , 0.27966967, 0.21062266, 0.22429907],
       [0.24204675, 0.23038564, 0.26920182, 0.25836579],
       [0.28822146, 0.27281186, 0.20443863, 0.23452805],
       [0.25952708, 0.25858887, 0.24014135, 0.2417427 ],
       [0.27824755, 0.27932171, 0.21402452, 0.22840622],
       [0.2500869 , 0.24973929, 0.2500869 , 0.2500869 ],
       [0.28038259, 0.26759726, 0.21686372, 0.23515643],
       [0.25381997, 0.22730016, 0.26691818, 0.25196168],
       [0.27913808, 0.28315281, 0.20322712, 0.23448198],
       [0.25466846, 0.25158   , 0.24494813, 0.24880341],
       [0.23952932, 0.23728743, 0.26405792, 0.25912532],
       [0.26641892, 0.26794108, 0.22589112, 0.23974888],
       [0.23086077, 0.2346142 , 0.26418702, 0.27033801],
       [0.26282945, 0.27287925, 0.2295682 , 0.23472311],
       [0.24868949, 0.22586044, 0.26440445, 0.26104563],
       [0.24618709, 0.23798053, 0.26110475, 0.25472762],
       [0.24770986, 0.24356045, 0.25595144, 0.25277826],
       [0.26269556, 0.26738287, 0.23139513, 0.23852644],
       [0.23585137, 0.23264059, 0.26790082, 0.26360722],
       [0.25918999, 0.23536476, 0.25240201, 0.25304324],
       [0.25562258, 0.23787936, 0.2583698 , 0.24812827],
       [0.23480879, 0.2392841 , 0.27119364, 0.25471347],
       [0.23313519, 0.2273284 , 0.2714109 , 0.26812551],
       [0.28537219, 0.2714751 , 0.22128225, 0.22187046],
       [0.25118144, 0.2505742 , 0.25163273, 0.24661163],
       [0.27960429, 0.26839298, 0.22556855, 0.22643419],
       [0.26684858, 0.26304014, 0.23791448, 0.23219681],
       [0.2495472 , 0.25055114, 0.24995083, 0.24995083],
       [0.25461575, 0.25316412, 0.246312  , 0.24590813],
       [0.24722596, 0.24299824, 0.25639279, 0.25338302],
       [0.2718894 , 0.25480097, 0.23098693, 0.2423227 ],
       [0.25350704, 0.25545404, 0.23110808, 0.25993084],
       [0.27150039, 0.26475308, 0.23066024, 0.23308629],
       [0.26794235, 0.27197401, 0.21514064, 0.244943  ],
       [0.2247815 , 0.23794627, 0.26558845, 0.27168378],
       [0.26127502, 0.24408302, 0.24777012, 0.24687183],
       [0.26585252, 0.25879398, 0.23623581, 0.23911769],
       [0.25160159, 0.25022224, 0.24709118, 0.25108499],
       [0.24434673, 0.23248084, 0.26683987, 0.25633256],
       [0.25280855, 0.23868892, 0.2558821 , 0.25262043],
       [0.24051109, 0.24674972, 0.25636959, 0.25636959],
       [0.27621802, 0.25256764, 0.23367419, 0.23754015],
       [0.27089629, 0.27178509, 0.22208905, 0.23522958],
       [0.27841486, 0.27902227, 0.20449483, 0.23806804],
       [0.27475443, 0.26853764, 0.22678641, 0.22992151],
       [0.27429147, 0.26990169, 0.22631365, 0.22949319],
       [0.26493332, 0.26658037, 0.23680276, 0.23168356],
       [0.26768963, 0.25041878, 0.23984784, 0.24204376],
       [0.23008192, 0.23307883, 0.2715217 , 0.26531754],
       [0.25951818, 0.24690695, 0.24921019, 0.24436469],
       [0.24105102, 0.22204724, 0.27204875, 0.26485299],
       [0.2349758 , 0.2332558 , 0.26675879, 0.26500962],
       [0.25590389, 0.2398483 , 0.25890016, 0.24534764],
       [0.27178546, 0.29283397, 0.19771773, 0.23766284],
       [0.23275854, 0.24938036, 0.26118314, 0.25667796],
       [0.25558865, 0.24979891, 0.2457662 , 0.24884624],
       [0.27768515, 0.28808072, 0.21224315, 0.22199097],
       [0.25578616, 0.21626354, 0.27448225, 0.25346805],
       [0.25419175, 0.25508811, 0.24547254, 0.2452476 ],
       [0.24187739, 0.22756197, 0.27814049, 0.25242016],
       [0.26930987, 0.26494551, 0.23172043, 0.23402419],
       [0.2683762 , 0.26611228, 0.22872442, 0.23678711],
       [0.28544118, 0.27825915, 0.20880448, 0.22749519],
       [0.24984976, 0.24559013, 0.25138222, 0.25317789],
       [0.2819717 , 0.27930472, 0.21581307, 0.22291051],
       [0.26760479, 0.26149263, 0.23130515, 0.23959744],
       [0.25429259, 0.25769128, 0.24285693, 0.2451592 ],
       [0.25311801, 0.25487984, 0.24145165, 0.25055049],
       [0.25262451, 0.24595454, 0.25113547, 0.25028548],
       [0.22324699, 0.23450038, 0.27272338, 0.26952925],
       [0.25089504, 0.24269516, 0.25523408, 0.25117572],
       [0.27416823, 0.2758817 , 0.21656484, 0.23338523],
       [0.27536296, 0.27524499, 0.22155961, 0.22783245],
       [0.2761848 , 0.2719154 , 0.22160239, 0.23029741],
       [0.27245779, 0.27815389, 0.20638202, 0.24300631],
       [0.24894627, 0.25035124, 0.25035124, 0.25035124],
       [0.27529068, 0.27363748, 0.22103902, 0.23003282],
       [0.24102116, 0.24548171, 0.25674856, 0.25674856],
       [0.23503902, 0.24552913, 0.26011344, 0.25931841],
       [0.23706993, 0.23045804, 0.26836691, 0.26410512],
       [0.2493871 , 0.24898438, 0.25071465, 0.25091387],
       [0.24940501, 0.24944074, 0.24719881, 0.25395544],
       [0.28700672, 0.27899334, 0.20577857, 0.22822136],
       [0.2407987 , 0.22357999, 0.27260452, 0.26301679],
       [0.22916064, 0.23129522, 0.27077304, 0.2687711 ],
       [0.23851608, 0.23512401, 0.26610232, 0.26025759],
       [0.27562587, 0.28244035, 0.21390089, 0.22803289],
       [0.27233433, 0.26410593, 0.23432754, 0.2292322 ],
       [0.24517433, 0.24564096, 0.25144107, 0.25774364],
       [0.25136904, 0.22923021, 0.26146323, 0.25793752],
       [0.27735226, 0.27572951, 0.21811671, 0.22880151],
       [0.26734815, 0.26327797, 0.22577718, 0.2435967 ],
       [0.2676248 , 0.26142912, 0.23636991, 0.23457616],
       [0.24789982, 0.24161045, 0.2589063 , 0.25158342],
       [0.24602506, 0.23112883, 0.26594183, 0.25690428],
       [0.27676216, 0.27300253, 0.22201505, 0.22822027],
       [0.23862588, 0.23958553, 0.2641225 , 0.25766609],
       [0.24957312, 0.23130844, 0.26710562, 0.25201282],
       [0.24406388, 0.2304456 , 0.26905571, 0.25643482],
       [0.25016169, 0.23790601, 0.26274206, 0.24919024],
       [0.24709559, 0.22497982, 0.27711409, 0.2508105 ],
       [0.23978091, 0.2428762 , 0.25772588, 0.25961701],
       [0.27652519, 0.27257406, 0.21665949, 0.23424126],
       [0.23729481, 0.21902281, 0.27274512, 0.27093726],
       [0.24466273, 0.24870986, 0.25841591, 0.2482115 ],
       [0.25151266, 0.25218182, 0.24880021, 0.24750531],
       [0.28077075, 0.26827807, 0.2234065 , 0.22754467],
       [0.28053241, 0.28531746, 0.20555523, 0.2285949 ],
       [0.24587546, 0.22851207, 0.2713362 , 0.25427628],
       [0.24185327, 0.23323844, 0.26488982, 0.26001848],
       [0.28485475, 0.28529162, 0.20110392, 0.22874971],
       [0.23516517, 0.23027662, 0.26934805, 0.26521015],
       [0.27841144, 0.27387447, 0.21817194, 0.22954215],
       [0.24255013, 0.23902897, 0.26245932, 0.25596157],
       [0.256177  , 0.25147618, 0.24548517, 0.24686165],
       [0.24348047, 0.22772484, 0.26887523, 0.25991946]])

k_mean_150_policy_discrete = array([0, 0, 0, 2, 0, 1, 0, 2, 3, 0, 1, 3, 0, 2, 0, 0, 1, 2, 3, 2, 1, 0,
       2, 0, 2, 1, 0, 2, 0, 0, 2, 0, 2, 3, 0, 2, 0, 0, 1, 0, 0, 2, 1, 0,
       2, 1, 3, 1, 2, 2, 2, 1, 2, 0, 2, 2, 2, 0, 2, 0, 0, 1, 0, 2, 0, 3,
       0, 1, 3, 0, 0, 0, 2, 2, 2, 0, 1, 1, 0, 0, 1, 0, 2, 0, 2, 2, 2, 1,
       2, 0, 1, 2, 1, 2, 0, 0, 0, 3, 0, 0, 1, 1, 0, 2, 2, 1, 0, 0, 1, 1,
       0, 2, 2, 2, 3, 3, 0, 2, 2, 2, 1, 0, 3, 2, 0, 0, 0, 2, 2, 0, 2, 2,
       2, 2, 2, 3, 0, 2, 2, 1, 0, 1, 2, 2, 1, 2, 0, 2, 0, 2])


k_mean_25_cost_reward = array([1.18054509, 1.13128476, 1.05708431, 1.22181729, 1.08474688,
       1.05117344, 1.16956358, 1.08593458, 1.20159884, 1.05208906,
       1.06730805, 1.01147981, 1.09810263, 1.06494064, 1.21534442,
       1.13227015, 1.14581741, 1.00332841, 1.1921819 , 1.04210266,
       1.11286663, 1.10759008, 1.11475274, 1.19346817, 1.26982608])

k_mean_25_cost_policy = array([[0.24992022, 0.24894578, 0.25014256, 0.25099144],
       [0.24994124, 0.24946364, 0.24959537, 0.25099975],
       [0.25306569, 0.2452912 , 0.25486594, 0.24677717],
       [0.25048459, 0.25051528, 0.24913814, 0.24986199],
       [0.24943289, 0.24736831, 0.25231234, 0.25088645],
       [0.25231633, 0.24604363, 0.25244331, 0.24919672],
       [0.25163555, 0.24886961, 0.25041414, 0.2490807 ],
       [0.24988633, 0.24620397, 0.25220386, 0.25170584],
       [0.2502714 , 0.24981757, 0.24934605, 0.25056498],
       [0.24677255, 0.2471614 , 0.25203164, 0.25403441],
       [0.25149429, 0.24809233, 0.25043724, 0.24997614],
       [0.25040147, 0.2441714 , 0.25350024, 0.2519269 ],
       [0.25459444, 0.24864572, 0.24861529, 0.24814455],
       [0.25412405, 0.24520223, 0.2539033 , 0.24677042],
       [0.24984738, 0.25059914, 0.24801584, 0.25153764],
       [0.24825847, 0.2475066 , 0.25124594, 0.25298899],
       [0.25032316, 0.24821405, 0.25008153, 0.25138125],
       [0.2397691 , 0.24070893, 0.26411672, 0.25540524],
       [0.25136766, 0.24972416, 0.24917236, 0.24973582],
       [0.25296412, 0.24676862, 0.25264052, 0.24762674],
       [0.24984692, 0.24843214, 0.25219398, 0.24952696],
       [0.2520286 , 0.24734277, 0.25144805, 0.24918058],
       [0.25386177, 0.24737825, 0.25154298, 0.24721701],
       [0.25056462, 0.25034756, 0.24926372, 0.24982411],
       [0.24966963, 0.25136749, 0.24788715, 0.25107573]])

k_mean_25_cost_policy_discrete = array([3, 3, 2, 1, 2, 2, 0, 2, 3, 3, 0, 2, 0, 0, 3, 3, 3, 2, 0, 0, 2, 0,
       0, 0, 1])

 
k_mean_25_reward = array([1.14352384, 1.1633725 , 1.08890709, 1.13379585, 1.1507275 ,
       1.18110034, 1.13239847, 1.05435779, 1.11997201, 1.14486063,
       1.08846544, 1.04558344, 1.19910806, 1.17687235, 1.11455128,
       1.09109146, 1.12760354, 1.02896256, 1.10796954, 1.09141019,
       1.13787832, 1.29122125, 1.18394985, 1.03686528, 1.00945598])

k_mean_25_policy = array([[0.25257103, 0.24856028, 0.24953   , 0.24933868],
       [0.25020909, 0.25062203, 0.24908954, 0.25007934],
       [0.2517579 , 0.24745786, 0.25195406, 0.24883018],
       [0.24984153, 0.2491764 , 0.24983589, 0.25114618],
       [0.25125615, 0.24964558, 0.24913579, 0.24996249],
       [0.2494849 , 0.24895188, 0.2508922 , 0.25067101],
       [0.24930282, 0.24887985, 0.25073877, 0.25107856],
       [0.25198015, 0.24734473, 0.25259564, 0.24807948],
       [0.25071871, 0.24816553, 0.25129576, 0.24982   ],
       [0.25141811, 0.24906173, 0.24979733, 0.24972284],
       [0.25135901, 0.24915141, 0.25100705, 0.24848253],
       [0.247633  , 0.24696671, 0.25076133, 0.25463896],
       [0.25005628, 0.2503159 , 0.24914551, 0.25048231],
       [0.24844472, 0.2480388 , 0.25078552, 0.25273097],
       [0.25110709, 0.24812769, 0.25274333, 0.24802189],
       [0.2526132 , 0.2477358 , 0.25174923, 0.24790177],
       [0.2490221 , 0.24933788, 0.24931985, 0.25232018],
       [0.25314516, 0.24661178, 0.25111064, 0.24913242],
       [0.25106228, 0.24797314, 0.25041303, 0.25055155],
       [0.24876467, 0.24869679, 0.25105663, 0.2514819 ],
       [0.24976534, 0.24866835, 0.25045907, 0.25110725],
       [0.24868854, 0.25078287, 0.24874341, 0.25178517],
       [0.25142046, 0.24964293, 0.25046544, 0.24847117],
       [0.2526104 , 0.24673026, 0.25114224, 0.2495171 ],
       [0.24035779, 0.24148655, 0.26213089, 0.25602477]])

k_mean_25_policy_discrete = array([0, 1, 2, 3, 0, 2, 3, 2, 2, 0, 0, 3, 3, 3, 2, 0, 3, 0, 0, 3, 3, 3,
       0, 0, 2])



import matplotlib.pyplot as plt
import seaborn as sns

def compare_policies(policy1, policy2, reward1, reward2, name):
    # Normalize the policies
    
    min_states = min(policy1.shape[0], policy2.shape[0])
    min_states = (min_states // 5) * 5
    policy1 = policy1[:min_states]
    policy2 = policy2[:min_states]
    reward1 = reward1[:min_states]
    reward2 = reward2[:min_states]
   

    policy1 /= policy1.sum(axis=1, keepdims=True)
    policy2 /= policy2.sum(axis=1, keepdims=True)

    # Function to calculate entropy of probability distributions
    def calculate_entropy(policy):
        return -np.sum(policy * np.log(policy + 1e-9), axis=1)

    # Calculate entropy for both policies
    entropy1 = calculate_entropy(policy1)
    entropy2 = calculate_entropy(policy2)

    # Calculate preference-based differences
    preference_diff = np.abs(policy1 - policy2)
    overall_diff = np.sum(preference_diff)/policy1.shape[0]
    avg_statewise_diff = np.mean(np.sum(preference_diff, axis=1))
    avg_actionwise_diff = np.mean(preference_diff, axis=0)

    # Compare policies for ability-based differences
    most_probable_action1 = np.argmax(policy1, axis=1)
    most_probable_action2 = np.argmax(policy2, axis=1)
    ability_diff_count = np.sum(most_probable_action1 != most_probable_action2)/policy1.shape[0]

    # Set plot style
    sns.set_style("whitegrid")

    # Plotting entropy of both policies
    plt.figure(figsize=(12, 6), dpi=120)
    plt.plot(entropy1, label='Policy with cost', color='blue')
    plt.plot(entropy2, label='Policy without cost', color='red')
    plt.title('Entropy of Policies')
    plt.xlabel('State')
    plt.ylabel('Entropy')
    plt.legend()
    plt.savefig(f'Entropy_of_Policies_{name}.png')

    # Plotting the average action-wise difference
    plt.figure(figsize=(8, 4))
    sns.barplot(x=np.arange(4), y=avg_actionwise_diff, palette='viridis')
    plt.title('Average Action-wise Preference Difference')
    plt.xlabel('Action')
    plt.ylabel('Average Difference in Probability')
    plt.savefig(f'Entropy_difference_{name}.png')

    # Plotting differences in most probable actions
    plt.figure(figsize=(12, 6), dpi=120)
    plt.plot(most_probable_action1, label='Policy 1 Most Probable Action', color='green')
    plt.plot(most_probable_action2, label='Policy 2 Most Probable Action', color='orange')
    plt.title('Most Probable Actions of Policies')
    plt.xlabel('State')
    plt.ylabel('Most Probable Action')
    plt.legend()
    plt.savefig(f'Action Choice Comparision{name}.png')

    # Print the results
    print("Overall Preference Difference:", overall_diff)
    print("Average State-wise Preference Difference:", avg_statewise_diff)
    print("Ability-based Difference Count:", ability_diff_count)
    

    # Selecting highest and lowest five states based on reward for policy1
    
    # Function to plot reward matrix
    def plot_reward_matrix(data, title):
        # Reshape the array into a 10x10 matrix
        width = int(math.sqrt(len(data)))
        closest_width = width
        while len(data) % closest_width != 0:
              closest_width -= 1
        matrix = data.reshape((closest_width, len(data) // closest_width))

        # Create a figure and a set of subplots
        fig, ax = plt.subplots()

        # Use matshow to display the matrix
        cax = ax.matshow(matrix, cmap='viridis')

        # Add colorbar for reference
        fig.colorbar(cax)

        # Loop over data dimensions and create text annotations.
        for i in range(closest_width):
            for j in range(len(data) // closest_width):
                text = ax.text(j, i, f"{matrix[i, j]:.1f}", ha="center", va="center", color="w")

        # Set tick labels for the grid
        ax.set_xticklabels([''] + list(range(1, closest_width + 1)))
        ax.set_yticklabels([''] + list(range(1,  len(data) // closest_width + 1)))
        plt.title(title)
        plt.savefig(f'reward_matrix_{name}_{title}.png')

    # Plotting reward matrices for both policies
    plot_reward_matrix(reward1, 'Reward Matrix for Policy with cost')
    plot_reward_matrix(reward2, 'Reward Matrix for Policy wihtout cost')


comparison_tuples = [
    (k_mean_50_cost_policy, k_mean_50_policy, k_mean_50_cost_reward, k_mean_50_reward, k_mean_50_cost_policy_discrete, k_mean_50_policy_discrete, 'k_mean_50'),
    (k_mean_25_cost_policy, k_mean_25_policy, k_mean_25_cost_reward, k_mean_25_reward, k_mean_25_cost_policy_discrete, k_mean_25_policy_discrete, 'k_mean_25'),
    (k_mean_150_cost_policy, k_mean_150_policy, k_mean_150_cost_reward, k_mean_150_reward, k_mean_150_cost_policy_discrete, k_mean_150_policy_discrete, 'k_mean_150'),
]

for comparison in comparison_tuples:
    policy1, policy2, reward1, reward2, policy_mce1, policy_mce2, name = comparison
    compare_policies(policy1, policy2, reward1, reward2, name)