from numpy import array
import numpy as np
import math
k_mean_100_cost_reward = array([ 2.77404497,  2.58921194,  1.15976983,  1.52183964,  1.02936219,
        2.80358535,  1.33646065,  5.5334875 ,  1.76068641,  1.80557885,
        1.55445595,  4.17797393,  1.05003106,  1.49782731,  3.52605763,
        4.71333875,  2.61685851,  1.03477359,  5.54808027,  1.31538651,
        1.24085268,  2.49494469,  1.47029137,  1.55858184,  1.04446947,
        2.05875502,  5.0163702 ,  3.33072385,  3.80785939,  1.86890058,
        1.43753453,  1.06686457,  4.30707175,  1.73979948,  3.56370067,
        2.25889663,  3.10072813,  1.76771068,  2.0889546 ,  4.45818315,
        3.18396762,  4.08491238,  1.0472423 ,  3.58264216,  1.84426484,
        1.25909517,  1.93698955,  1.65217412,  1.01177855,  7.9455489 ,
        2.5048894 ,  1.00509362,  1.28777939,  2.53497201,  3.58252119,
        2.55855868,  3.17138319,  1.60254161,  2.27690901,  1.85901391,
        2.79241738,  1.97847053,  2.32261189,  1.94212814,  7.34774472,
        1.68982191,  4.66375578,  3.99918112,  3.29117257,  1.73751386,
        4.60852799,  1.07822374,  2.29813134,  1.50576399,  1.42237307,
        2.6272577 ,  2.40718885,  1.15210969,  1.43370611,  1.21322697,
        1.05833054,  1.70101186,  1.14131105,  1.12642294,  2.63776747,
        1.80310371,  2.75937854, 10.2886693 ,  2.33498077,  1.50776191,
        2.33805129,  5.19228719,  7.2130322 ,  1.16438772,  4.08489222,
       11.19955216,  2.64116086,  2.90570898,  1.16128866,  1.68979485])

k_mean_100_cost_policy= array([[2.22007247e-01, 2.26606232e-01, 2.17662365e-01, 2.43902789e-01,
        8.98213675e-02],
       [2.19493055e-01, 2.44199235e-01, 2.13700560e-01, 2.35204315e-01,
        8.74028352e-02],
       [2.27599868e-01, 2.39469708e-01, 2.22050194e-01, 2.45822173e-01,
        6.50580578e-02],
       [2.63716323e-01, 2.47829388e-01, 2.02170470e-01, 2.37187632e-01,
        4.90961870e-02],
       [2.22043971e-01, 1.81585089e-01, 2.15844667e-01, 1.83748585e-01,
        1.96777688e-01],
       [2.20959234e-01, 2.32631690e-01, 1.94379971e-01, 2.33165201e-01,
        1.18863903e-01],
       [2.38888452e-01, 2.50559315e-01, 2.33417489e-01, 2.28171540e-01,
        4.89632042e-02],
       [3.49865513e-03, 1.53348905e-03, 5.42753283e-03, 2.55303854e-03,
        9.86987284e-01],
       [2.44792865e-01, 2.54987961e-01, 2.14708958e-01, 2.35370982e-01,
        5.01392346e-02],
       [2.35777341e-01, 2.55051123e-01, 2.19580703e-01, 2.40479763e-01,
        4.91110701e-02],
       [2.48382173e-01, 2.59784673e-01, 2.03281398e-01, 2.43028804e-01,
        4.55229526e-02],
       [1.64212001e-01, 1.51887585e-01, 1.69760612e-01, 1.72112505e-01,
        3.42027297e-01],
       [1.60438042e-01, 2.01105722e-01, 1.54530104e-01, 1.92589387e-01,
        2.91336745e-01],
       [2.50299729e-01, 2.50299729e-01, 2.12872030e-01, 2.29185241e-01,
        5.73432704e-02],
       [1.87987454e-01, 1.94293548e-01, 2.36007410e-01, 1.91240436e-01,
        1.90471151e-01],
       [3.81791011e-02, 3.16050883e-02, 7.65937482e-02, 3.59366343e-02,
        8.17685428e-01],
       [2.41422048e-01, 2.47357436e-01, 2.02155083e-01, 2.28047884e-01,
        8.10175492e-02],
       [2.15151732e-01, 2.21105244e-01, 2.15151732e-01, 2.21105244e-01,
        1.27486047e-01],
       [2.27343032e-03, 1.00532595e-03, 8.09326355e-03, 2.16724699e-03,
        9.86460733e-01],
       [2.39895333e-01, 2.45917841e-01, 2.34134117e-01, 2.34134117e-01,
        4.59185924e-02],
       [2.38273606e-01, 2.50459929e-01, 2.12046080e-01, 2.44231067e-01,
        5.49893178e-02],
       [2.23992560e-01, 2.57693150e-01, 2.07815425e-01, 2.34934290e-01,
        7.55645739e-02],
       [2.25692350e-01, 2.52594423e-01, 2.30633301e-01, 2.46748767e-01,
        4.43311579e-02],
       [2.48441433e-01, 2.51232388e-01, 2.06615232e-01, 2.45730233e-01,
        4.79807143e-02],
       [2.16772460e-01, 2.25632022e-01, 2.08275920e-01, 2.25632022e-01,
        1.23687575e-01],
       [2.22941719e-01, 2.58399134e-01, 2.17215639e-01, 2.41274174e-01,
        6.01693344e-02],
       [5.35111618e-02, 3.37840567e-02, 9.38196235e-02, 6.16607350e-02,
        7.57224423e-01],
       [2.15972905e-01, 2.28696111e-01, 2.08106686e-01, 2.18115505e-01,
        1.29108793e-01],
       [2.03336413e-01, 2.04808842e-01, 2.00465014e-01, 2.01076965e-01,
        1.90312766e-01],
       [2.43025840e-01, 2.57489398e-01, 2.01744155e-01, 2.43025840e-01,
        5.47147661e-02],
       [2.46158976e-01, 2.69904335e-01, 1.93991385e-01, 2.40820388e-01,
        4.91249155e-02],
       [1.44827009e-01, 1.38699145e-01, 3.08994989e-01, 2.17625733e-01,
        1.89853123e-01],
       [1.55037471e-01, 1.40834407e-01, 1.71749106e-01, 1.54153164e-01,
        3.78225851e-01],
       [2.40929314e-01, 2.60789502e-01, 2.24398998e-01, 2.23902880e-01,
        4.99793063e-02],
       [2.15403454e-01, 2.20287787e-01, 1.95385990e-01, 2.14493091e-01,
        1.54429679e-01],
       [2.41098710e-01, 2.52503884e-01, 2.00300019e-01, 2.21434880e-01,
        8.46625074e-02],
       [2.28651235e-01, 2.28651235e-01, 1.96403864e-01, 2.10422482e-01,
        1.35871184e-01],
       [2.51238825e-01, 2.66232291e-01, 1.83002114e-01, 2.46605845e-01,
        5.29209248e-02],
       [2.37476538e-01, 2.45612264e-01, 2.06577163e-01, 2.49906624e-01,
        6.04274109e-02],
       [4.38284381e-02, 3.38858369e-02, 7.22110780e-02, 6.93484430e-02,
        7.80726204e-01],
       [2.18203280e-01, 2.18203280e-01, 2.09409568e-01, 2.24856465e-01,
        1.29327408e-01],
       [1.38557773e-01, 1.39454915e-01, 1.59050261e-01, 1.37033547e-01,
        4.25903504e-01],
       [2.23560956e-01, 2.23560956e-01, 2.23560956e-01, 2.17927029e-01,
        1.11390105e-01],
       [2.14618238e-01, 2.25542622e-01, 2.08051456e-01, 2.06860605e-01,
        1.44927079e-01],
       [2.39636576e-01, 2.54219918e-01, 2.22629354e-01, 2.35141822e-01,
        4.83723296e-02],
       [2.43126245e-01, 2.43126245e-01, 2.20599135e-01, 2.43126245e-01,
        5.00221298e-02],
       [2.31366812e-01, 2.49141039e-01, 2.23424193e-01, 2.39917036e-01,
        5.61509189e-02],
       [2.46891340e-01, 2.46891340e-01, 2.23269539e-01, 2.36886797e-01,
        4.60609844e-02],
       [1.84185608e-01, 1.88207193e-01, 2.01874574e-01, 1.88207193e-01,
        2.37525431e-01],
       [2.91344380e-07, 6.91938203e-08, 1.52815679e-05, 8.09638636e-08,
        9.99984277e-01],
       [2.27329785e-01, 2.53997771e-01, 2.12027958e-01, 2.31912837e-01,
        7.47316492e-02],
       [2.00216003e-01, 2.00216003e-01, 2.05956172e-01, 2.00216003e-01,
        1.93395819e-01],
       [2.46489408e-01, 2.46489408e-01, 2.23641691e-01, 2.34563991e-01,
        4.88155024e-02],
       [2.28854634e-01, 2.52209597e-01, 2.13352416e-01, 2.26304797e-01,
        7.92785565e-02],
       [2.00431050e-01, 2.13191912e-01, 2.02689749e-01, 2.04448534e-01,
        1.79238755e-01],
       [2.25630709e-01, 2.46361245e-01, 2.11211265e-01, 2.18014644e-01,
        9.87821371e-02],
       [2.19095632e-01, 2.18715178e-01, 1.89848223e-01, 2.10471995e-01,
        1.61868972e-01],
       [2.38185426e-01, 2.38185426e-01, 2.28508426e-01, 2.48676381e-01,
        4.64443412e-02],
       [2.35992039e-01, 2.35992039e-01, 2.13285943e-01, 2.43533018e-01,
        7.11969612e-02],
       [2.36515532e-01, 2.36515532e-01, 2.28291047e-01, 2.45360734e-01,
        5.33171560e-02],
       [2.25496484e-01, 2.33097842e-01, 2.10162939e-01, 2.23110342e-01,
        1.08132393e-01],
       [2.35158171e-01, 2.52672892e-01, 2.06790718e-01, 2.52672892e-01,
        5.27053271e-02],
       [2.12983485e-01, 2.27149739e-01, 2.05552031e-01, 2.71231916e-01,
        8.30828287e-02],
       [2.40190858e-01, 2.60901502e-01, 2.11594813e-01, 2.31246299e-01,
        5.60665275e-02],
       [1.72459778e-05, 1.17811381e-06, 1.23201081e-04, 2.27213303e-05,
        9.99835653e-01],
       [2.38361853e-01, 2.57991721e-01, 2.05322102e-01, 2.42991081e-01,
        5.53332422e-02],
       [1.07340134e-01, 7.16556742e-02, 1.15316667e-01, 9.45006805e-02,
        6.11186845e-01],
       [1.54448870e-01, 1.52554365e-01, 1.71927667e-01, 1.63665530e-01,
        3.57403568e-01],
       [2.20101398e-01, 2.23619475e-01, 2.06461507e-01, 2.16991907e-01,
        1.32825712e-01],
       [2.39725444e-01, 2.44657608e-01, 2.21806179e-01, 2.44657608e-01,
        4.91531603e-02],
       [4.37630354e-02, 3.35330672e-02, 5.32127044e-02, 3.99367024e-02,
        8.29554491e-01],
       [2.24043390e-01, 2.24043390e-01, 2.30153818e-01, 2.30153818e-01,
        9.16055848e-02],
       [2.38666045e-01, 2.50070702e-01, 2.10587456e-01, 2.35120593e-01,
        6.55552044e-02],
       [2.48315979e-01, 2.48363450e-01, 2.13870525e-01, 2.42812263e-01,
        4.66377833e-02],
       [2.50153034e-01, 2.44322421e-01, 2.09666156e-01, 2.50153034e-01,
        4.57053547e-02],
       [2.32871435e-01, 2.44283634e-01, 2.15860451e-01, 2.28063182e-01,
        7.89212976e-02],
       [2.17857946e-01, 2.36437864e-01, 2.28723780e-01, 2.20713081e-01,
        9.62673295e-02],
       [2.38825630e-01, 2.38825630e-01, 2.11011836e-01, 2.45177744e-01,
        6.61591582e-02],
       [2.34476811e-01, 2.57129340e-01, 2.15285587e-01, 2.45320083e-01,
        4.77881788e-02],
       [2.32571060e-01, 2.50839624e-01, 2.21668806e-01, 2.38389901e-01,
        5.65306087e-02],
       [2.21437151e-01, 2.21437151e-01, 2.15519937e-01, 2.21437151e-01,
        1.20168610e-01],
       [2.53832226e-01, 2.64561976e-01, 2.00750349e-01, 2.29753473e-01,
        5.11019750e-02],
       [2.38735578e-01, 2.45108881e-01, 2.05947698e-01, 2.38735578e-01,
        7.14722650e-02],
       [1.19358595e-01, 8.83653572e-02, 4.33530986e-01, 1.25000864e-01,
        2.33744198e-01],
       [2.07581782e-01, 2.46278159e-01, 2.03417947e-01, 2.56710644e-01,
        8.60114688e-02],
       [2.45497251e-01, 2.60072761e-01, 2.28854621e-01, 2.13619285e-01,
        5.19560820e-02],
       [2.28629526e-01, 2.34838093e-01, 2.04639184e-01, 2.33345413e-01,
        9.85477843e-02],
       [3.36025216e-10, 2.86667296e-11, 4.90030475e-08, 8.90665534e-11,
        9.99999951e-01],
       [2.26514760e-01, 2.75449225e-01, 2.05485048e-01, 2.16543645e-01,
        7.60073222e-02],
       [2.27393649e-01, 2.43022392e-01, 2.43022392e-01, 2.43022392e-01,
        4.35391754e-02],
       [2.23274195e-01, 2.55570712e-01, 2.04540434e-01, 2.38405349e-01,
        7.82093097e-02],
       [2.18043831e-02, 1.40318223e-02, 4.18059748e-02, 1.58477111e-02,
        9.06510109e-01],
       [5.26896677e-06, 1.74194247e-06, 2.62908755e-05, 3.78903550e-06,
        9.99962909e-01],
       [2.36520703e-01, 2.36520703e-01, 2.19514087e-01, 2.42716459e-01,
        6.47280487e-02],
       [1.75990347e-01, 1.71311558e-01, 1.80914598e-01, 2.36917985e-01,
        2.34865512e-01],
       [1.11435301e-11, 1.10350176e-12, 7.79306909e-10, 8.31901669e-12,
        9.99999999e-01],
       [2.34119501e-01, 2.56500745e-01, 2.00358874e-01, 2.22205570e-01,
        8.68153095e-02],
       [2.23651024e-01, 2.41244535e-01, 2.02982788e-01, 2.32117103e-01,
        1.00004549e-01],
       [2.29868256e-01, 2.35841787e-01, 2.29868256e-01, 2.42094736e-01,
        6.23269656e-02],
       [2.51520760e-01, 2.51520760e-01, 2.03765526e-01, 2.46293946e-01,
        4.68990069e-02]])
k_mean_100_cost_policy_discreat = array([3, 1, 3, 0, 0, 3, 1, 4, 1, 1, 1, 4, 4, 0, 2, 4, 1, 1, 4, 1, 1, 1,
       1, 1, 1, 1, 4, 1, 1, 1, 1, 2, 4, 1, 1, 1, 0, 1, 3, 4, 3, 4, 0, 1,
       1, 0, 1, 0, 4, 4, 1, 2, 0, 1, 1, 1, 0, 3, 3, 3, 1, 1, 3, 1, 4, 1,
       4, 4, 1, 1, 4, 2, 1, 1, 0, 1, 1, 3, 1, 1, 0, 1, 1, 2, 3, 1, 1, 4,
       1, 1, 1, 4, 4, 3, 3, 4, 1, 1, 3, 0])

k_mean_50_cost_reward = array([45.80637882, 22.85237553,  1.20566541,  6.0504322 ,  2.50308175,
        1.1052905 , 41.7816013 , 75.25179953,  9.69414506,  3.52613207,
       28.58925542,  1.05650509, 27.60360424,  7.77416067, 54.04757475,
        1.9414572 ,  7.76167948, 12.53968514, 12.4764914 ,  1.00651952,
       19.6926238 ,  7.19924779,  7.64563748,  1.28688451,  1.71556095,
       34.41691347, 32.78665569,  1.20164135, 12.10774662,  8.09291384,
       10.77053419, 12.54032126, 48.96655598,  1.95119   , 28.21001926,
       11.98673947,  1.45147414,  6.75616612,  6.72227006,  1.04772051,
        8.68108243,  1.58585662, 23.66837299,  8.9165679 ,  4.70049334,
        4.66940218,  3.59143207, 31.92297352, 16.16798411,  6.0000733 ])

k_mean_50_cost_policy = array([[1.01096699e-16, 4.67772384e-25, 1.21674658e-12, 3.78398645e-19,
        1.00000000e+00],
       [1.31670662e-01, 5.72597382e-01, 6.56480762e-02, 2.21494323e-01,
        8.58955596e-03],
       [1.19777155e-01, 3.04305595e-01, 7.71177309e-02, 4.98799476e-01,
        4.28070775e-08],
       [3.83604208e-02, 7.76270352e-01, 3.98909442e-03, 1.81380128e-01,
        4.13214628e-09],
       [6.24423915e-02, 7.79929249e-01, 2.13518183e-02, 1.36276541e-01,
        4.82988215e-10],
       [2.55711549e-06, 5.31013595e-05, 4.54058269e-06, 2.90491595e-04,
        9.99649309e-01],
       [8.82654363e-24, 2.08004229e-28, 3.94842590e-17, 2.11133948e-27,
        1.00000000e+00],
       [1.64038635e-61, 1.76761955e-81, 6.07005101e-42, 5.71518417e-61,
        1.00000000e+00],
       [3.91642134e-01, 5.17223662e-01, 6.73911947e-04, 9.04602523e-02,
        3.89517027e-08],
       [2.93905126e-02, 5.68488385e-01, 4.01065693e-04, 4.01720036e-01,
        4.44740383e-10],
       [2.33893537e-01, 2.58079284e-01, 1.40475284e-01, 2.38867638e-01,
        1.28684257e-01],
       [1.64181853e-01, 3.73395597e-01, 8.89850625e-02, 3.73395597e-01,
        4.18905261e-05],
       [2.53124447e-02, 1.53419108e-02, 5.97711951e-01, 1.47295726e-01,
        2.14337967e-01],
       [9.15627751e-02, 8.79815976e-01, 1.19564536e-03, 2.74255594e-02,
        4.38079873e-08],
       [2.63780500e-41, 3.67293504e-50, 8.25819329e-27, 3.08765878e-41,
        1.00000000e+00],
       [2.53366340e-01, 6.38451879e-01, 6.44045944e-04, 1.07537735e-01,
        3.47500759e-10],
       [1.23682787e-01, 3.64031689e-01, 6.83748931e-03, 5.05447974e-01,
        6.06550964e-08],
       [4.01888149e-02, 3.57574279e-01, 4.72349967e-03, 5.97512617e-01,
        7.89486311e-07],
       [5.23988878e-01, 4.67277696e-01, 6.87652779e-04, 8.04522963e-03,
        5.42843977e-07],
       [1.39265582e-01, 1.39265582e-01, 3.05374475e-01, 1.39265582e-01,
        2.76828780e-01],
       [2.66943279e-01, 4.76973178e-01, 1.25754208e-02, 2.41270216e-01,
        2.23790556e-03],
       [8.61791953e-02, 6.73250533e-01, 3.56737056e-03, 2.37002858e-01,
        4.38405203e-08],
       [2.57685668e-02, 7.59964998e-01, 2.63881014e-03, 2.11627613e-01,
        1.24216670e-08],
       [2.66835593e-01, 2.66835593e-01, 2.95743530e-02, 4.36754457e-01,
        4.28598297e-09],
       [1.21793749e-01, 7.61436614e-01, 8.02996989e-02, 3.64699380e-02,
        8.28970713e-10],
       [1.57010122e-12, 1.43419651e-15, 5.70920773e-10, 1.88837260e-12,
        9.99999999e-01],
       [5.21385152e-10, 6.68202607e-11, 7.00546142e-06, 4.93914203e-09,
        9.99992989e-01],
       [3.37643971e-08, 3.00903545e-08, 8.01353903e-05, 1.55238173e-06,
        9.99918248e-01],
       [2.77938412e-02, 9.63726172e-01, 6.94271948e-04, 7.78351839e-03,
        2.19667019e-06],
       [9.02705380e-03, 9.52257439e-01, 2.58363659e-03, 3.61318429e-02,
        2.75725462e-08],
       [1.01969228e-02, 8.53637654e-01, 1.42903374e-03, 1.34735450e-01,
        9.39400664e-07],
       [3.94870053e-02, 8.45301651e-01, 7.63076335e-03, 1.07574539e-01,
        6.04157743e-06],
       [1.81572421e-29, 1.93119808e-40, 1.35349715e-18, 6.41308898e-28,
        1.00000000e+00],
       [1.21059692e-01, 7.45051275e-01, 8.01011910e-02, 5.37878417e-02,
        2.92452580e-10],
       [7.99585352e-02, 6.39740543e-02, 3.96202090e-01, 6.54788273e-02,
        3.94386494e-01],
       [1.33212804e-01, 4.24253828e-01, 1.17043655e-02, 4.30819971e-01,
        9.03185382e-06],
       [3.07663849e-01, 3.07663849e-01, 7.70084538e-02, 3.07663849e-01,
        5.64193196e-10],
       [7.91218154e-02, 8.61705903e-01, 3.01739002e-04, 5.88705359e-02,
        6.39144270e-09],
       [1.25596572e-01, 5.37839370e-01, 3.01429557e-03, 3.33549752e-01,
        1.10296568e-08],
       [1.18354016e-04, 6.90844857e-06, 5.49677262e-03, 1.06909232e-05,
        9.94367274e-01],
       [1.77739920e-02, 9.10074062e-01, 5.78458543e-03, 6.63672464e-02,
        1.14543764e-07],
       [1.40531726e-01, 3.58340391e-01, 1.40531726e-01, 3.60596157e-01,
        3.74120874e-10],
       [8.22956030e-03, 3.32633318e-02, 8.10871406e-01, 8.13171726e-03,
        1.39503984e-01],
       [3.33941111e-03, 9.67750243e-01, 8.06688760e-03, 2.08433114e-02,
        1.46688006e-07],
       [4.16667610e-02, 9.49327878e-01, 8.49629145e-04, 8.15573067e-03,
        1.67710456e-09],
       [2.14645907e-02, 9.34201445e-01, 5.74876716e-03, 3.85851955e-02,
        1.67716684e-09],
       [4.71295692e-01, 4.67171864e-01, 1.76514698e-04, 6.13559281e-02,
        8.70789176e-10],
       [6.03052586e-07, 2.95282060e-08, 3.38852960e-06, 4.36345845e-07,
        9.99995543e-01],
       [2.14096806e-01, 6.96835324e-01, 8.67518313e-03, 8.03718734e-02,
        2.08129880e-05],
       [1.88051229e-02, 8.72480061e-01, 3.09701979e-03, 1.05617787e-01,
        9.79944878e-09]])

k_mean_50_cost_policy_discreate = array([4, 1, 3, 1, 1, 4, 4, 4, 1, 1, 1, 1, 2, 1, 4, 1, 3, 3, 0, 2, 1, 1,
       1, 3, 1, 4, 4, 4, 1, 1, 1, 1, 4, 1, 2, 3, 0, 1, 1, 4, 1, 3, 2, 1,
       1, 1, 0, 4, 1, 1])

k_mean_25_cost_reward = array([1.22584218, 1.00395026, 1.05240277, 1.07404878, 1.00140321,
       1.16306836, 1.0577641 , 1.05895738, 1.11375601, 1.05847388,
       1.16763142, 1.16167211, 1.22671373, 1.02001672, 1.12671898,
       1.12413761, 1.19311487, 1.01145189, 1.06886802, 1.00115485,
       1.05765215, 1.00380859, 1.00013212, 1.1115973 , 1.21675571])

k_mean_25_cost_policy = array([[0.19576357, 0.17901281, 0.20960457, 0.19290951, 0.22270954],
       [0.20274633, 0.20468575, 0.20188291, 0.20577991, 0.18490511],
       [0.20150062, 0.20725645, 0.19953802, 0.20200409, 0.18970083],
       [0.20362757, 0.20473507, 0.19719334, 0.20171632, 0.19272771],
       [0.1967871 , 0.19681443, 0.20090007, 0.19386617, 0.21163224],
       [0.19960353, 0.19887589, 0.20002292, 0.20000615, 0.2014915 ],
       [0.2019361 , 0.20622968, 0.19779871, 0.20298208, 0.19105344],
       [0.20253445, 0.20583473, 0.19749615, 0.20205166, 0.192083  ],
       [0.19968968, 0.2033124 , 0.19824579, 0.20219214, 0.19655998],
       [0.20166745, 0.2070915 , 0.19767935, 0.20293828, 0.19062342],
       [0.19897751, 0.195123  , 0.20266846, 0.19867184, 0.20455919],
       [0.20038568, 0.19732413, 0.20058901, 0.198831  , 0.20287019],
       [0.1971924 , 0.18345795, 0.2059663 , 0.19906727, 0.21431608],
       [0.20614938, 0.20699081, 0.19609991, 0.20614938, 0.18461051],
       [0.20053799, 0.20142354, 0.19991832, 0.20002973, 0.19809042],
       [0.19971112, 0.20038958, 0.20001104, 0.20214939, 0.19773887],
       [0.19599062, 0.18947802, 0.20430322, 0.19767063, 0.21255751],
       [0.20363225, 0.20736982, 0.20286211, 0.20147364, 0.18466218],
       [0.20213346, 0.2061671 , 0.19732636, 0.20194074, 0.19243234],
       [0.20321969, 0.20361638, 0.20056062, 0.20361638, 0.18898693],
       [0.20177318, 0.20708981, 0.19779687, 0.20314889, 0.19019124],
       [0.19147828, 0.19665352, 0.20713604, 0.20300365, 0.20172851],
       [0.20031018, 0.20031018, 0.1999072 , 0.20031018, 0.19916226],
       [0.20042585, 0.20232802, 0.19883348, 0.20062596, 0.19778669],
       [0.19264634, 0.18478727, 0.20705706, 0.19841427, 0.21709505]])

k_mean_25_cost_descreate = array([4, 3, 1, 1, 4, 4, 1, 1, 1, 1, 4, 4, 4, 1, 1, 3, 4, 1, 1, 1, 1, 2,
       0, 1, 4])

k_mean_150_cost_reward = array([1.69434165, 1.9110294 , 2.06274898, 2.78241143, 1.12421132,
       1.82501009, 1.16614198, 1.63000082, 1.41673448, 1.03176416,
       1.7211634 , 1.08377989, 1.55014429, 1.54690525, 1.68550268,
       1.19455983, 1.18831641, 1.00617349, 1.19957066, 1.40198235,
       1.03500418, 1.73016883, 2.0306223 , 2.17355393, 1.59290707,
       1.48659755, 2.40823649, 2.34362324, 1.68904109, 1.29209368,
       1.35297963, 2.18951736, 1.42715071, 2.85319658, 1.01782279,
       2.03062743, 1.73926254, 1.56153751, 2.08225185, 3.08296085,
       1.39759133, 1.16371293, 1.5862532 , 1.11483886, 0.99987562,
       1.0040698 , 1.03500683, 1.14199758, 1.98647326, 1.0747401 ,
       1.38159546, 1.7557281 , 1.29887232, 1.08491464, 1.65232319,
       1.6079805 , 1.55339215, 1.26268605, 1.95963666, 1.30431725,
       2.38318568, 1.62830052, 1.31666329, 2.12852263, 1.16615109,
       1.89308038, 1.0371727 , 2.09976294, 1.75572784, 2.6213051 ,
       1.67495129, 2.00737052, 1.04918518, 1.93518422, 1.05911078,
       1.78536063, 1.01995529, 1.5615393 , 1.43613983, 1.80226318,
       1.24042125, 2.11297206, 2.33873245, 1.48037959, 1.23653329,
       1.18956994, 1.48349357, 1.27330166, 1.20082665, 2.22650442,
       2.84130349, 2.1918146 , 1.76309286, 1.22238077, 1.21472961,
       1.02637964, 1.23523622, 1.01782057, 1.95964187, 1.32911896,
       2.09538923, 1.18831641, 1.96578305, 1.05904975, 1.04256923,
       1.5485293 , 1.41081652, 2.15317874, 1.12538841, 1.86754766,
       1.01782279, 1.56808574, 2.04555717, 1.03934563, 1.92710843,
       1.33608331, 1.02637964, 1.23136806, 1.91702295, 1.4271471 ,
       2.14193267, 1.73199982, 1.73380602, 1.19957066, 1.30159367,
       1.25740662, 1.80225756, 2.28073405, 2.04554895, 1.50538004,
       1.60627107, 2.36088346, 1.243017  , 2.09100268, 1.91705133,
       1.94328395, 1.5730179 , 1.54044791, 1.35295596, 2.24287964,
       1.16736297, 1.19080131, 1.14678793, 1.20712329, 1.35581434,
       1.69435682, 1.02209226, 1.54690397, 2.30715645, 1.19581058])

k_mean_150_cost_policy = array([[0.20459996, 0.20460126, 0.20335199, 0.20387262, 0.18357418],
       [0.19213343, 0.18867972, 0.19441161, 0.19017859, 0.23459665],
       [0.17086122, 0.16927736, 0.17694633, 0.17241951, 0.31049558],
       [0.05652938, 0.05213746, 0.0794509 , 0.06591207, 0.74597019],
       [0.20846285, 0.21024929, 0.20759258, 0.21116626, 0.16252902],
       [0.1958229 , 0.19567278, 0.19706878, 0.19625137, 0.21518418],
       [0.20947337, 0.21116293, 0.20864989, 0.21031093, 0.16040288],
       [0.20529404, 0.2066261 , 0.20453886, 0.20608179, 0.1774592 ],
       [0.20926382, 0.20979483, 0.20608603, 0.20874094, 0.16611439],
       [0.19478989, 0.19667087, 0.20127609, 0.20228045, 0.2049827 ],
       [0.20187623, 0.20308516, 0.20222883, 0.20231235, 0.19049743],
       [0.20794537, 0.20889568, 0.20430655, 0.20889568, 0.16995671],
       [0.20606169, 0.20687037, 0.20563094, 0.20749114, 0.17394586],
       [0.20725367, 0.20834998, 0.20609036, 0.20723065, 0.17107534],
       [0.20381611, 0.20420656, 0.19978444, 0.20353312, 0.18865976],
       [0.21111296, 0.21194481, 0.20949134, 0.21029525, 0.15715564],
       [0.20826446, 0.20989189, 0.20907124, 0.21072678, 0.16204563],
       [0.20014145, 0.19876099, 0.19908838, 0.19876099, 0.20324819],
       [0.21267902, 0.21351066, 0.20650603, 0.20956695, 0.15773735],
       [0.20948231, 0.21170936, 0.20894704, 0.20790092, 0.16196037],
       [0.20417033, 0.20531599, 0.20236864, 0.20531599, 0.18282905],
       [0.20242144, 0.20395201, 0.20120849, 0.2033691 , 0.18904896],
       [0.18081483, 0.17337921, 0.18812973, 0.18477675, 0.27289948],
       [0.15507563, 0.1475193 , 0.16387918, 0.16425696, 0.36926893],
       [0.20521824, 0.20614712, 0.20403998, 0.205833  , 0.17876165],
       [0.20869244, 0.20914707, 0.20544831, 0.20694152, 0.16977066],
       [0.11735034, 0.10753861, 0.12314966, 0.11027837, 0.54168302],
       [0.14389327, 0.13034146, 0.15171655, 0.15125098, 0.42279774],
       [0.20191479, 0.20334479, 0.20297283, 0.20392219, 0.18784539],
       [0.21044195, 0.21254042, 0.20779871, 0.21223638, 0.15698254],
       [0.20885667, 0.21215784, 0.20743094, 0.21153388, 0.16002067],
       [0.17159094, 0.15313991, 0.16850298, 0.16403454, 0.34273163],
       [0.20931198, 0.20724676, 0.20174675, 0.20784481, 0.1738497 ],
       [0.05504819, 0.05123502, 0.07515087, 0.06047905, 0.75808687],
       [0.20100657, 0.20084942, 0.19777929, 0.19876895, 0.20159577],
       [0.1783033 , 0.17764776, 0.18572086, 0.17698612, 0.28134196],
       [0.20207027, 0.20335709, 0.20183263, 0.20349563, 0.18924439],
       [0.20745772, 0.20850969, 0.20548512, 0.20612415, 0.17242333],
       [0.17491956, 0.17090583, 0.18329307, 0.17345324, 0.2974283 ],
       [0.03095872, 0.02323353, 0.0417714 , 0.0251429 , 0.87889345],
       [0.20854524, 0.21022092, 0.20694621, 0.20965351, 0.16463412],
       [0.21119592, 0.21119592, 0.20785727, 0.21206709, 0.15768381],
       [0.20732215, 0.20827772, 0.20342978, 0.20490658, 0.17606377],
       [0.2083599 , 0.21019263, 0.2083599 , 0.20926819, 0.16381938],
       [0.20019506, 0.20019506, 0.20019506, 0.20019506, 0.19921977],
       [0.19827976, 0.19827976, 0.20221262, 0.19827976, 0.20294809],
       [0.20486698, 0.20486698, 0.20386894, 0.20486698, 0.18153012],
       [0.20978867, 0.20720195, 0.20720195, 0.2106813 , 0.16512613],
       [0.185148  , 0.18193853, 0.18912941, 0.18445442, 0.25932963],
       [0.20849328, 0.20849328, 0.20752671, 0.20849328, 0.16699345],
       [0.2098638 , 0.2098638 , 0.20542558, 0.20694126, 0.16790555],
       [0.20123432, 0.20253887, 0.20179428, 0.20219165, 0.19224088],
       [0.2107791 , 0.21217021, 0.2094329 , 0.21010052, 0.15751726],
       [0.20806228, 0.20901866, 0.20472518, 0.20806228, 0.1701316 ],
       [0.20438297, 0.20533011, 0.20348694, 0.20484988, 0.18195009],
       [0.2043424 , 0.20660398, 0.20488405, 0.20690539, 0.17726418],
       [0.20770732, 0.20880549, 0.20476973, 0.20556236, 0.1731551 ],
       [0.21194416, 0.21268304, 0.20517938, 0.2134344 , 0.15675902],
       [0.18690557, 0.18198611, 0.18783605, 0.18296572, 0.26030654],
       [0.20945694, 0.21148527, 0.21012206, 0.21079808, 0.15813766],
       [0.1263392 , 0.11874424, 0.16025937, 0.13599448, 0.45866271],
       [0.20516178, 0.20646598, 0.2020142 , 0.20620805, 0.18014999],
       [0.21079838, 0.21079838, 0.20696499, 0.21079838, 0.16063987],
       [0.17003869, 0.16288338, 0.17532008, 0.16864111, 0.32311674],
       [0.21117893, 0.21204695, 0.20948724, 0.20948724, 0.15779963],
       [0.19163442, 0.19138191, 0.19355307, 0.19261564, 0.23081496],
       [0.20536377, 0.20536377, 0.20536377, 0.20464082, 0.17926786],
       [0.16930264, 0.16571571, 0.17583394, 0.16847974, 0.32066797],
       [0.20261559, 0.20401628, 0.20142178, 0.20264416, 0.18930218],
       [0.07893162, 0.07204289, 0.10755432, 0.08252275, 0.65894842],
       [0.20461023, 0.20503918, 0.20300837, 0.20398891, 0.18335331],
       [0.18547993, 0.17941812, 0.18997323, 0.18417192, 0.2609568 ],
       [0.20608577, 0.20608577, 0.20414409, 0.20608577, 0.17759861],
       [0.18630256, 0.18476582, 0.19965378, 0.18515633, 0.24412151],
       [0.19124971, 0.19221293, 0.20901375, 0.19175342, 0.21577018],
       [0.19941162, 0.19960122, 0.19905383, 0.19960122, 0.2023321 ],
       [0.2032416 , 0.2032416 , 0.20223333, 0.2032416 , 0.18804187],
       [0.2052453 , 0.20607277, 0.20412266, 0.20515056, 0.17940871],
       [0.20814208, 0.21117724, 0.20541201, 0.20862866, 0.16664001],
       [0.19901032, 0.19946735, 0.19899248, 0.19935059, 0.20317926],
       [0.21228677, 0.21151138, 0.20926183, 0.21151138, 0.15542865],
       [0.17377693, 0.16955337, 0.17599553, 0.16955337, 0.31112079],
       [0.15428135, 0.1435943 , 0.16473513, 0.15046589, 0.38692333],
       [0.2093718 , 0.2099326 , 0.20600602, 0.20577503, 0.16891455],
       [0.21206533, 0.21197428, 0.20900044, 0.20900044, 0.15795951],
       [0.20943805, 0.21024211, 0.20976307, 0.21189177, 0.15866499],
       [0.2083967 , 0.20973598, 0.20629296, 0.20796349, 0.16761088],
       [0.21072972, 0.21146079, 0.2095387 , 0.21001074, 0.15826005],
       [0.2101658 , 0.21340124, 0.20713958, 0.21095423, 0.15833914],
       [0.1501956 , 0.15085188, 0.17455356, 0.15860197, 0.36579699],
       [0.06393846, 0.05146831, 0.07013603, 0.05561049, 0.75884671],
       [0.16003027, 0.15281748, 0.164457  , 0.15390734, 0.36878791],
       [0.20002774, 0.20030044, 0.2001985 , 0.19952077, 0.19995255],
       [0.20811153, 0.21183952, 0.21027137, 0.21183952, 0.15793806],
       [0.21127108, 0.21207806, 0.20893057, 0.21207806, 0.15564224],
       [0.19859867, 0.19937383, 0.202362  , 0.20180673, 0.19785877],
       [0.21148505, 0.21226691, 0.20848559, 0.21226691, 0.15549555],
       [0.20198855, 0.20299817, 0.20299817, 0.20299817, 0.18901693],
       [0.19084641, 0.18723853, 0.19424867, 0.19050297, 0.23716343],
       [0.2103013 , 0.21224556, 0.20667992, 0.20967378, 0.16109944],
       [0.17612378, 0.16265015, 0.17802156, 0.1682714 , 0.31493311],
       [0.21126221, 0.21044697, 0.20808196, 0.2129351 , 0.15727377],
       [0.18842723, 0.1858271 , 0.1908684 , 0.1858271 , 0.24905017],
       [0.20706701, 0.20706701, 0.20512598, 0.20706701, 0.17367297],
       [0.20491819, 0.20491819, 0.20392909, 0.20491819, 0.18131635],
       [0.20462241, 0.205323  , 0.20844905, 0.205323  , 0.17628254],
       [0.20721149, 0.21184881, 0.20700786, 0.21023196, 0.16369988],
       [0.16953975, 0.15967966, 0.1763666 , 0.16796647, 0.32644752],
       [0.20719441, 0.20894817, 0.21039225, 0.20984818, 0.163617  ],
       [0.18928754, 0.18624052, 0.19688007, 0.18740081, 0.24019106],
       [0.19821509, 0.19821509, 0.1982337 , 0.19821509, 0.20712104],
       [0.20579437, 0.20546989, 0.20515003, 0.20784382, 0.17574189],
       [0.17319537, 0.17066492, 0.18508042, 0.17642407, 0.29463522],
       [0.20556308, 0.20556308, 0.20556308, 0.20456694, 0.17874381],
       [0.18791829, 0.18721856, 0.19783561, 0.18739092, 0.23963662],
       [0.21098302, 0.21163103, 0.2067253 , 0.20971799, 0.16094265],
       [0.19380155, 0.19380155, 0.20994359, 0.19258167, 0.20987164],
       [0.21130977, 0.21209587, 0.21130977, 0.21053688, 0.1547477 ],
       [0.19464709, 0.19248379, 0.19464709, 0.19273556, 0.22548647],
       [0.208936  , 0.20998052, 0.20646068, 0.20998052, 0.16464228],
       [0.1657005 , 0.16388098, 0.17607237, 0.16907911, 0.32526704],
       [0.20329455, 0.20389249, 0.2018755 , 0.20288717, 0.18805028],
       [0.20202954, 0.20270931, 0.20061901, 0.20276302, 0.19187912],
       [0.20975542, 0.21136671, 0.20975542, 0.21219322, 0.15692923],
       [0.21123715, 0.21262442, 0.2085947 , 0.2085947 , 0.15894904],
       [0.21206813, 0.21206813, 0.20845001, 0.21058498, 0.15682876],
       [0.19885   , 0.19887499, 0.19834028, 0.19895194, 0.20498279],
       [0.14312771, 0.13784803, 0.16337006, 0.14753878, 0.40811542],
       [0.17804023, 0.16973416, 0.18221236, 0.17869476, 0.29131849],
       [0.20804428, 0.20929329, 0.20421355, 0.20804428, 0.17040459],
       [0.20530036, 0.20818541, 0.20271174, 0.20417627, 0.17962622],
       [0.13013406, 0.12884091, 0.13366635, 0.12666092, 0.48069775],
       [0.2113996 , 0.2121713 , 0.20843876, 0.2113996 , 0.15659074],
       [0.17862499, 0.17185278, 0.17864893, 0.17345018, 0.29742312],
       [0.19198685, 0.19064153, 0.19527308, 0.19198685, 0.23011168],
       [0.19351443, 0.19273698, 0.19644928, 0.19320407, 0.22409524],
       [0.20595503, 0.20775249, 0.20365437, 0.20640981, 0.17622829],
       [0.20646839, 0.20839725, 0.20489759, 0.20845779, 0.17177897],
       [0.21023542, 0.21327454, 0.20852253, 0.20742329, 0.16054423],
       [0.15291813, 0.14983473, 0.1543848 , 0.15325598, 0.38960636],
       [0.21149695, 0.20995955, 0.20828841, 0.21081698, 0.15943811],
       [0.21058509, 0.21224637, 0.20897946, 0.21140859, 0.1567805 ],
       [0.21003272, 0.2118    , 0.20667543, 0.21090866, 0.16058319],
       [0.21123798, 0.21123798, 0.20808836, 0.21043054, 0.15900514],
       [0.21190045, 0.21065311, 0.20455271, 0.21065311, 0.16224062],
       [0.20090507, 0.20072827, 0.20077529, 0.20251367, 0.1950777 ],
       [0.20159345, 0.20359014, 0.20359014, 0.20258273, 0.18864354],
       [0.20703217, 0.20561058, 0.2045962 , 0.20631116, 0.17644989],
       [0.13675945, 0.13427428, 0.15503666, 0.13925838, 0.43467124],
       [0.2120384 , 0.21113669, 0.20721922, 0.20797688, 0.16162882]])

k_mean_150_cost_policy_discreate = array([1, 4, 4, 4, 3, 4, 1, 1, 1, 4, 1, 1, 3, 1, 1, 1, 3, 4, 1, 1, 1, 1,
       4, 4, 1, 1, 4, 4, 3, 1, 1, 4, 0, 4, 4, 4, 3, 1, 4, 4, 1, 3, 1, 1,
       0, 4, 0, 3, 4, 0, 0, 1, 1, 1, 1, 3, 1, 3, 4, 1, 4, 1, 0, 4, 1, 4,
       0, 4, 1, 4, 1, 4, 0, 4, 4, 4, 0, 1, 1, 4, 0, 4, 4, 1, 0, 3, 1, 1,
       1, 4, 4, 4, 1, 1, 1, 2, 1, 1, 4, 1, 4, 3, 4, 0, 0, 2, 1, 4, 2, 4,
       4, 3, 4, 0, 4, 1, 2, 1, 4, 1, 4, 1, 3, 3, 1, 0, 4, 4, 4, 1, 1, 4,
       1, 4, 4, 4, 1, 3, 1, 4, 0, 1, 1, 0, 0, 3, 1, 0, 4, 0])

k_mean_150_reward = array([1.43859419, 1.4147214 , 1.18477722, 1.55891246, 2.55820991,
       1.04678642, 1.8928811 , 1.23470412, 1.62460554, 1.17032715,
       2.26530429, 1.77626309, 1.79418706, 1.92912203, 1.64833821,
       2.06036385, 2.2754329 , 1.88655669, 1.4726944 , 1.29827005,
       2.01041587, 4.10545018, 1.08000025, 1.74289381, 1.23332747,
       1.26962422, 1.03748576, 1.50256577, 1.64099916, 2.13762814,
       1.91411601, 2.68391855, 1.69495677, 2.13048994, 2.20545774,
       1.38350611, 1.27957764, 1.57288751, 1.46613738, 1.03980315,
       1.12175131, 2.15920259, 2.05577577, 1.46450269, 3.51181723,
       1.74095055, 1.43378762, 1.7293364 , 1.5177279 , 1.79218494,
       1.64466276, 1.49921703, 1.20611458, 1.50256577, 3.17989015,
       1.77230437, 1.61376755, 1.59942928, 1.25413933, 1.23884329,
       1.2155701 , 4.11003271, 1.23746203, 1.65571009, 1.04328895,
       1.4178814 , 1.6083757 , 1.09447688, 1.76441337, 1.39746684,
       2.59558092, 1.0490775 , 1.85939416, 2.44929439, 1.55024117,
       1.43699021, 1.75068857, 1.40371674, 1.42740383, 1.97044831,
       1.10683449, 1.69874273, 2.02165889, 1.55024117, 1.12175131,
       1.54333889, 1.42263307, 1.2853003 , 1.34845906, 1.36968486,
       2.21038398, 1.74873661, 1.12551182, 1.27246013, 1.02368948,
       1.26679463, 2.32418056, 2.26530429, 1.10190642, 1.54506157,
       1.29971919, 1.11426794, 2.5782654 , 1.74873661, 1.68177225,
       1.05264163, 2.28306351, 1.62641894, 1.11675683, 1.47598389,
       1.94424388, 1.34695558, 1.35600168, 2.14719225, 1.4005883 ,
       1.26679463, 1.79618974, 1.13940855, 1.37581051, 1.42581233,
       1.58875925, 1.01913161, 2.06496983, 1.42104847, 2.05119411,
       1.64283086, 1.44019996, 1.23884329, 1.51603569, 1.74483924,
       1.23195236, 1.54506157, 2.01265991, 1.17425051, 1.45473277,
       1.95730315, 1.70063888, 1.37121371, 2.52700886, 1.81229189,
       1.31283321, 1.40371674, 1.21150869, 1.32608202, 1.43059217,
       1.70063888, 1.12300342, 1.29248964, 1.1419536 , 1.70824466])
k_mean_150_policy = array([[2.10976620e-01, 2.12229474e-01, 2.07448748e-01, 2.10976620e-01,
        1.58368538e-01],
       [2.13065841e-01, 2.13065841e-01, 2.06402243e-01, 2.09894788e-01,
        1.57571286e-01],
       [2.10894360e-01, 2.12771669e-01, 2.09081428e-01, 2.12771669e-01,
        1.54480874e-01],
       [2.09252676e-01, 2.09204977e-01, 2.06860123e-01, 2.08819385e-01,
        1.65862840e-01],
       [1.05617138e-01, 1.04051523e-01, 1.21899667e-01, 1.11008469e-01,
        5.57423203e-01],
       [2.05489333e-01, 2.06584474e-01, 2.04414293e-01, 2.06584474e-01,
        1.76927427e-01],
       [2.00265935e-01, 1.99821633e-01, 1.99258719e-01, 2.00357245e-01,
        2.00296468e-01],
       [2.13512601e-01, 2.11740310e-01, 2.10028197e-01, 2.10876921e-01,
        1.53841970e-01],
       [2.09092180e-01, 2.09092180e-01, 2.03619107e-01, 2.07247347e-01,
        1.70949186e-01],
       [2.10930985e-01, 2.12844776e-01, 2.06427860e-01, 2.12844776e-01,
        1.56951603e-01],
       [1.68569881e-01, 1.64530016e-01, 1.77452642e-01, 1.69726020e-01,
        3.19721441e-01],
       [1.97695004e-01, 1.98433143e-01, 1.96234534e-01, 2.08326681e-01,
        1.99310639e-01],
       [2.00300141e-01, 2.01346727e-01, 2.00443652e-01, 2.03916397e-01,
        1.93993084e-01],
       [1.96700265e-01, 1.96458253e-01, 1.97138621e-01, 1.96620596e-01,
        2.13082265e-01],
       [2.07051985e-01, 2.08461545e-01, 2.05402011e-01, 2.07396582e-01,
        1.71687877e-01],
       [1.85745596e-01, 1.86187196e-01, 1.88114123e-01, 1.89965877e-01,
        2.49987207e-01],
       [1.49874231e-01, 1.46497078e-01, 1.71012785e-01, 1.48500759e-01,
        3.84115147e-01],
       [2.00107664e-01, 2.00554988e-01, 2.00745791e-01, 2.00215262e-01,
        1.98376295e-01],
       [2.10317433e-01, 2.11480955e-01, 2.05508585e-01, 2.10317433e-01,
        1.62375594e-01],
       [2.11430439e-01, 2.13833034e-01, 2.09145712e-01, 2.13018523e-01,
        1.52572292e-01],
       [1.87294981e-01, 1.85372039e-01, 1.89821096e-01, 1.89471414e-01,
        2.48040471e-01],
       [1.76225886e-03, 1.03716583e-03, 2.93390019e-03, 1.68843874e-03,
        9.92578236e-01],
       [2.08259605e-01, 2.09320311e-01, 2.05190318e-01, 2.09320311e-01,
        1.67909455e-01],
       [2.01543594e-01, 2.03110196e-01, 2.00540956e-01, 2.02196305e-01,
        1.92608949e-01],
       [2.12447101e-01, 2.13341990e-01, 2.10703298e-01, 2.12447101e-01,
        1.51060510e-01],
       [2.13694524e-01, 2.14548248e-01, 2.05902053e-01, 2.13694524e-01,
        1.52160651e-01],
       [2.05079949e-01, 2.05700352e-01, 2.02455272e-01, 2.05700352e-01,
        1.81064076e-01],
       [2.08357428e-01, 2.12451666e-01, 2.04207906e-01, 2.10857660e-01,
        1.64125340e-01],
       [2.05000208e-01, 2.06766287e-01, 2.03676818e-01, 2.05691073e-01,
        1.78865615e-01],
       [1.82530856e-01, 1.78441228e-01, 1.88692391e-01, 1.86894564e-01,
        2.63440960e-01],
       [2.01158558e-01, 1.95516912e-01, 2.00947650e-01, 1.95589022e-01,
        2.06787858e-01],
       [8.10624543e-02, 7.72101390e-02, 1.04867175e-01, 8.49536416e-02,
        6.51906590e-01],
       [2.04786146e-01, 2.07626106e-01, 2.03582569e-01, 2.07036527e-01,
        1.76968652e-01],
       [1.82502480e-01, 1.76509892e-01, 1.90357321e-01, 1.82502480e-01,
        2.68127827e-01],
       [1.62252158e-01, 1.59268771e-01, 1.65173488e-01, 1.64206516e-01,
        3.49099067e-01],
       [2.10812868e-01, 2.13546397e-01, 2.09432653e-01, 2.10156664e-01,
        1.56051418e-01],
       [2.07966455e-01, 2.15066699e-01, 2.09454071e-01, 2.14413561e-01,
        1.53099213e-01],
       [2.08704468e-01, 2.09153294e-01, 2.05824192e-01, 2.07398032e-01,
        1.68920015e-01],
       [2.07159432e-01, 2.10436321e-01, 2.05455198e-01, 2.11739923e-01,
        1.65209126e-01],
       [2.05880532e-01, 2.05880532e-01, 2.05880532e-01, 2.05061299e-01,
        1.77297104e-01],
       [2.09989787e-01, 2.11014608e-01, 2.11014608e-01, 2.11014608e-01,
        1.56966389e-01],
       [1.59504231e-01, 1.61079219e-01, 1.74112558e-01, 1.64667543e-01,
        3.40636448e-01],
       [1.88275218e-01, 1.86669355e-01, 1.93821687e-01, 1.88558416e-01,
        2.42675325e-01],
       [2.10569724e-01, 2.12326014e-01, 2.05269679e-01, 2.10569724e-01,
        1.61264859e-01],
       [7.58961463e-03, 7.58961463e-03, 1.31164220e-02, 7.58961463e-03,
        9.64114734e-01],
       [2.03953490e-01, 2.04781954e-01, 2.02794247e-01, 2.04079151e-01,
        1.84391158e-01],
       [2.11536140e-01, 2.12159852e-01, 2.07992869e-01, 2.10922275e-01,
        1.57388864e-01],
       [2.03967754e-01, 2.06002782e-01, 2.01700477e-01, 2.05390529e-01,
        1.82938458e-01],
       [2.08278052e-01, 2.10838415e-01, 2.06366311e-01, 2.10838415e-01,
        1.63678807e-01],
       [2.02884315e-01, 2.03267365e-01, 2.02734887e-01, 2.04933233e-01,
        1.86180201e-01],
       [2.05793860e-01, 2.06833896e-01, 2.04156763e-01, 2.06482158e-01,
        1.76733322e-01],
       [2.11178939e-01, 2.11724696e-01, 2.07102132e-01, 2.08661967e-01,
        1.61332265e-01],
       [2.11205598e-01, 2.12119635e-01, 2.11205598e-01, 2.12681664e-01,
        1.52787505e-01],
       [2.07026708e-01, 2.11611981e-01, 2.03432472e-01, 2.09496291e-01,
        1.68432548e-01],
       [3.53989314e-02, 3.25669299e-02, 3.84839851e-02, 3.42076772e-02,
